Wavelength (nm)	% Transmission
270	0.00099169
270.2	0.00082524
270.4	0.00068673
270.6	0.00057146
270.8	0.00047555
271	0.00039573
271.2	0.00032931
271.4	0.00027404
271.6	0.00022804
271.8	0.00018977
272	0.00015791
272.2	0.00013141
272.4	0.00011958
272.6	0.00014558
272.8	0.00017723
273	0.00021577
273.2	0.00026268
273.4	0.00031979
273.6	0.00038931
273.8	0.00047396
274	0.00057700
274.2	0.00070245
274.4	0.00085518
274.6	0.00104110
274.8	0.00126750
275	0.00154300
275.2	0.00209150
275.4	0.00283500
275.6	0.00307230
275.8	0.00245960
276	0.00196910
276.2	0.00157640
276.4	0.00126200
276.6	0.00101040
276.8	0.00080886
277	0.00064756
277.2	0.00051842
277.4	0.00041503
277.6	0.00033227
277.8	0.00026601
278	0.00021296
278.2	0.00017049
278.4	0.00013649
278.6	0.00011179
278.8	0.00011014
279	0.00010852
279.2	0.00010692
279.4	0.00010534
279.6	0.00010379
279.8	0.00010226
280	0.00010075
280.2	0.00009926
280.4	0.00009780
280.6	0.00009635
280.8	0.00009493
281	0.00009353
281.2	0.00009215
281.4	0.00009079
281.6	0.00008945
281.8	0.00009801
282	0.00011038
282.2	0.00012430
282.4	0.00013998
282.6	0.00015763
282.8	0.00017751
283	0.00019990
283.2	0.00022512
283.4	0.00025351
283.6	0.00028549
283.8	0.00032150
284	0.00036205
284.2	0.00040772
284.4	0.00045914
284.6	0.00051705
284.8	0.00053298
285	0.00050107
285.2	0.00047107
285.4	0.00044287
285.6	0.00041635
285.8	0.00039142
286	0.00036799
286.2	0.00034596
286.4	0.00032525
286.6	0.00030577
286.8	0.00028747
287	0.00027026
287.2	0.00025408
287.4	0.00023887
287.6	0.00022456
287.8	0.00020928
288	0.00018766
288.2	0.00016828
288.4	0.00015090
288.6	0.00013531
288.8	0.00012133
289	0.00010880
289.2	0.00009756
289.4	0.00008749
289.6	0.00007845
289.8	0.00007035
290	0.00006308
290.2	0.00005656
290.4	0.00005072
290.6	0.00004548
290.8	0.00004078
291	0.00004215
291.2	0.00004433
291.4	0.00004663
291.6	0.00004904
291.8	0.00005158
292	0.00005425
292.2	0.00005705
292.4	0.00006001
292.6	0.00006311
292.8	0.00006638
293	0.00006982
293.2	0.00007343
293.4	0.00007723
293.6	0.00008123
293.8	0.00008543
294	0.00007690
294.2	0.00006240
294.4	0.00005064
294.6	0.00004109
294.8	0.00003334
295	0.00002706
295.2	0.00002833
295.4	0.00002967
295.6	0.00003106
295.8	0.00003253
296	0.00003406
296.2	0.00003567
296.4	0.00003735
296.6	0.00003911
296.8	0.00004095
297	0.00004288
297.2	0.00004460
297.4	0.00004291
297.6	0.00004129
297.8	0.00003973
298	0.00003823
298.2	0.00003678
298.4	0.00003539
298.6	0.00003406
298.8	0.00003277
299	0.00003153
299.2	0.00003034
299.4	0.00002919
299.6	0.00002809
299.8	0.00002703
300	0.00002601
300.2	0.00002502
300.4	0.00002547
300.6	0.00002631
300.8	0.00002718
301	0.00002808
301.2	0.00002900
301.4	0.00002996
301.6	0.00003095
301.8	0.00003198
302	0.00003303
302.2	0.00003412
302.4	0.00003525
302.6	0.00003642
302.8	0.00003762
303	0.00003886
303.2	0.00004015
303.4	0.00004055
303.6	0.00004006
303.8	0.00003958
304	0.00003910
304.2	0.00003863
304.4	0.00003816
304.6	0.00003770
304.8	0.00003725
305	0.00003680
305.2	0.00005087
305.4	0.00004505
305.6	0.00003990
305.8	0.00003534
306	0.00003130
306.2	0.00002772
306.4	0.00002455
306.6	0.00002174
306.8	0.00001926
307	0.00001705
307.2	0.00001510
307.4	0.00001338
307.6	0.00001185
307.8	0.00001049
308	0.00000929
308.2	0.00000835
308.4	0.00000835
308.6	0.00000835
308.8	0.00000835
309	0.00000835
309.2	0.00000835
309.4	0.00000835
309.6	0.00000835
309.8	0.00000835
310	0.00000836
310.2	0.00000836
310.4	0.00000836
310.6	0.00000836
310.8	0.00000836
311	0.00000836
311.2	0.00000836
311.4	0.00000926
311.6	0.00001053
311.8	0.00001197
312	0.00001361
312.2	0.00001548
312.4	0.00001760
312.6	0.00002002
312.8	0.00002276
313	0.00002589
313.2	0.00002944
313.4	0.00003348
313.6	0.00003807
313.8	0.00004329
314	0.00004923
314.2	0.00005599
314.4	0.00005612
314.6	0.00004879
314.8	0.00004241
315	0.00003687
315.2	0.00003206
315.4	0.00002787
315.6	0.00002423
315.8	0.00002106
316	0.00001831
316.2	0.00001592
316.4	0.00001384
316.6	0.00001203
316.8	0.00001046
317	0.00000909
317.2	0.00000791
317.4	0.00000707
317.6	0.00000737
317.8	0.00000768
318	0.00000800
318.2	0.00000834
318.4	0.00000869
318.6	0.00000906
318.8	0.00000944
319	0.00000984
319.2	0.00001025
319.4	0.00001068
319.6	0.00001113
319.8	0.00001160
320	0.00001209
320.2	0.00001260
320.4	0.00001313
320.6	0.00001350
320.8	0.00001385
321	0.00001420
321.2	0.00001456
321.4	0.00001493
321.6	0.00001531
321.8	0.00001570
322	0.00001610
322.2	0.00001651
322.4	0.00001693
322.6	0.00001737
322.8	0.00001781
323	0.00001826
323.2	0.00001873
323.4	0.00001920
323.6	0.00002012
323.8	0.00002147
324	0.00002291
324.2	0.00002444
324.4	0.00002608
324.6	0.00002782
324.8	0.00002969
325	0.00003168
325.2	0.00003380
325.4	0.00003606
325.6	0.00003848
325.8	0.00004106
326	0.00004381
326.2	0.00004674
326.4	0.00004987
326.6	0.00005222
326.8	0.00005151
327	0.00005081
327.2	0.00005012
327.4	0.00004944
327.6	0.00004877
327.8	0.00004811
328	0.00004745
328.2	0.00004681
328.4	0.00004618
328.6	0.00004555
328.8	0.00004493
329	0.00004432
329.2	0.00004372
329.4	0.00004312
329.6	0.00004254
329.8	0.00004152
330	0.00004050
330.2	0.00003950
330.4	0.00003853
330.6	0.00003759
330.8	0.00003666
331	0.00003576
331.2	0.00003489
331.4	0.00003403
331.6	0.00003319
331.8	0.00003238
332	0.00003158
332.2	0.00003081
332.4	0.00003005
332.6	0.00002931
332.8	0.00002641
333	0.00002285
333.2	0.00001976
333.4	0.00001709
333.6	0.00001479
333.8	0.00001279
334	0.00001106
334.2	0.00000957
334.4	0.00000828
334.6	0.00000716
334.8	0.00000619
335	0.00000536
335.2	0.00000463
335.4	0.00000401
335.6	0.00000347
335.8	0.00000316
336	0.00000312
336.2	0.00000309
336.4	0.00000306
336.6	0.00000303
336.8	0.00000300
337	0.00000297
337.2	0.00000294
337.4	0.00000291
337.6	0.00000288
337.8	0.00000285
338	0.00000282
338.2	0.00000279
338.4	0.00000277
338.6	0.00000274
338.8	0.00000271
339	0.00000268
339.2	0.00000266
339.4	0.00000263
339.6	0.00000261
339.8	0.00000258
340	0.00000256
340.2	0.00000254
340.4	0.00000251
340.6	0.00000249
340.8	0.00000247
341	0.00000244
341.2	0.00000242
341.4	0.00000240
341.6	0.00000237
341.8	0.00000235
342	0.00000243
342.2	0.00000252
342.4	0.00000262
342.6	0.00000273
342.8	0.00000283
343	0.00000295
343.2	0.00000306
343.4	0.00000319
343.6	0.00000331
343.8	0.00000344
344	0.00000358
344.2	0.00000372
344.4	0.00000387
344.6	0.00000402
344.8	0.00000418
345	0.00000415
345.2	0.00000396
345.4	0.00000378
345.6	0.00000360
345.8	0.00000344
346	0.00000328
346.2	0.00000313
346.4	0.00000299
346.6	0.00000285
346.8	0.00000272
347	0.00000260
347.2	0.00000248
347.4	0.00000236
347.6	0.00000226
347.8	0.00000215
348	0.00000208
348.2	0.00000209
348.4	0.00000209
348.6	0.00000209
348.8	0.00000209
349	0.00000209
349.2	0.00000209
349.4	0.00000209
349.6	0.00000209
349.8	0.00000210
350	0.00000210
350.2	0.00000210
350.4	0.00000210
350.6	0.00000210
350.8	0.00000210
351	0.00000212
351.2	0.00000251
351.4	0.00000298
351.6	0.00000354
351.8	0.00000420
352	0.00000498
352.2	0.00000591
352.4	0.00000702
352.6	0.00000833
352.8	0.00000988
353	0.00001172
353.2	0.00001391
353.4	0.00001650
353.6	0.00001958
353.8	0.00002324
354	0.00002757
354.2	0.00002487
354.4	0.00002086
354.6	0.00001750
354.8	0.00001468
355	0.00001231
355.2	0.00001032
355.4	0.00000866
355.6	0.00000726
355.8	0.00000609
356	0.00000511
356.2	0.00000428
356.4	0.00000359
356.6	0.00000301
356.8	0.00000253
357	0.00000212
357.2	0.00000196
357.4	0.00000197
357.6	0.00000198
357.8	0.00000199
358	0.00000200
358.2	0.00000201
358.4	0.00000202
358.6	0.00000203
358.8	0.00000204
359	0.00000205
359.2	0.00000206
359.4	0.00000207
359.6	0.00000208
359.8	0.00000209
360	0.00000210
360.2	0.00000222
360.4	0.00000267
360.6	0.00000320
360.8	0.00000384
361	0.00000460
361.2	0.00000552
361.4	0.00000662
361.6	0.00000794
361.8	0.00000953
362	0.00001143
362.2	0.00001371
362.4	0.00001645
362.6	0.00001973
362.8	0.00002367
363	0.00002840
363.2	0.00003374
363.4	0.00003523
363.6	0.00003678
363.8	0.00003841
364	0.00004011
364.2	0.00004188
364.4	0.00004373
364.6	0.00004566
364.8	0.00004768
365	0.00004979
365.2	0.00010616
365.4	0.00011233
365.6	0.00010478
365.8	0.00009221
366	0.00008188
366.2	0.00010540
366.4	0.00010863
366.6	0.00009622
366.8	0.00009220
367	0.00008511
367.2	0.00010491
367.4	0.00010849
367.6	0.00011063
367.8	0.00010091
368	0.00009602
368.2	0.00009654
368.4	0.00011025
368.6	0.00010131
368.8	0.00009298
369	0.00008144
369.2	0.00009978
369.4	0.00010704
369.6	0.00010251
369.8	0.00009311
370	0.00009358
370.2	0.00009729
370.4	0.00010366
370.6	0.00011728
370.8	0.00010267
371	0.00008474
371.2	0.00009139
371.4	0.00010398
371.6	0.00011098
371.8	0.00010531
372	0.00009897
372.2	0.00009049
372.4	0.00010386
372.6	0.00011171
372.8	0.00010767
373	0.00009620
373.2	0.00009125
373.4	0.00010015
373.6	0.00010344
373.8	0.00010560
374	0.00009882
374.2	0.00008968
374.4	0.00008952
374.6	0.00010394
374.8	0.00010740
375	0.00009983
375.2	0.00009398
375.4	0.00009024
375.6	0.00009719
375.8	0.00010100
376	0.00010067
376.2	0.00009256
376.4	0.00009561
376.6	0.00009508
376.8	0.00010790
377	0.00010614
377.2	0.00009278
377.4	0.00008609
377.6	0.00009896
377.8	0.00010390
378	0.00010410
378.2	0.00009572
378.4	0.00009376
378.6	0.00009901
378.8	0.00010571
379	0.00010655
379.2	0.00009898
379.4	0.00009687
379.6	0.00008579
379.8	0.00009785
380	0.00011016
380.2	0.00010447
380.4	0.00009307
380.6	0.00009025
380.8	0.00009990
381	0.00011079
381.2	0.00010411
381.4	0.00009525
381.6	0.00008691
381.8	0.00009202
382	0.00010345
382.2	0.00010392
382.4	0.00009490
382.6	0.00009316
382.8	0.00008880
383	0.00010239
383.2	0.00010638
383.4	0.00009640
383.6	0.00009336
383.8	0.00009069
384	0.00010409
384.2	0.00010611
384.4	0.00010148
384.6	0.00009898
384.8	0.00009430
385	0.00009707
385.2	0.00010571
385.4	0.00010417
385.6	0.00009639
385.8	0.00009142
386	0.00009242
386.2	0.00010530
386.4	0.00010330
386.6	0.00010062
386.8	0.00009315
387	0.00010004
387.2	0.00010377
387.4	0.00010460
387.6	0.00010242
387.8	0.00009669
388	0.00009576
388.2	0.00010349
388.4	0.00011694
388.6	0.00010323
388.8	0.00010065
389	0.00009600
389.2	0.00010179
389.4	0.00010618
389.6	0.00010189
389.8	0.00010456
390	0.00009770
390.2	0.00010717
390.4	0.00010343
390.6	0.00010912
390.8	0.00010578
391	0.00010025
391.2	0.00010053
391.4	0.00010599
391.6	0.00011124
391.8	0.00010740
392	0.00010572
392.2	0.00010473
392.4	0.00011503
392.6	0.00012243
392.8	0.00013003
393	0.00013411
393.2	0.00014031
393.4	0.00014414
393.6	0.00016278
393.8	0.00017310
394	0.00017404
394.2	0.00018231
394.4	0.00018609
394.6	0.00020311
394.8	0.00021052
395	0.00021850
395.2	0.00022198
395.4	0.00023183
395.6	0.00024983
395.8	0.00025712
396	0.00026766
396.2	0.00026751
396.4	0.00028371
396.6	0.00029142
396.8	0.00030561
397	0.00031652
397.2	0.00032147
397.4	0.00033178
397.6	0.00033951
397.8	0.00036034
398	0.00036543
398.2	0.00037496
398.4	0.00037552
398.6	0.00038936
398.8	0.00040478
399	0.00042039
399.2	0.00042900
399.4	0.00043214
399.6	0.00044512
399.8	0.00045434
400	0.00055183
400.2	0.00032533
400.4	0.00038028
400.6	0.00022957
400.8	0.00019426
401	0.00016906
401.2	0.00043626
401.4	0.00043383
401.6	0.00043976
401.8	0.00025523
402	0.00034889
402.2	0.00039331
402.4	0.00042600
402.6	0.00036069
402.8	0.00027400
403	0.00035059
403.2	0.00035284
403.4	0.00020865
403.6	0.00032790
403.8	0.00053109
404	0.00059502
404.2	0.00041846
404.4	0.00035738
404.6	0.00037422
404.8	0.00029900
405	0.00053410
405.2	0.00039741
405.4	0.00013883
405.6	0.00038045
405.8	0.00055991
406	0.00041660
406.2	0.00049161
406.4	0.00020791
406.6	0.00035952
406.8	0.00006705
407	0.00039699
407.2	0.00036794
407.4	0.00035045
407.6	0.00049261
407.8	0.00046815
408	0.00029711
408.2	0.00068413
408.4	0.00044023
408.6	0.00029022
408.8	0.00055370
409	0.00056520
409.2	0.00064670
409.4	0.00068598
409.6	0.00060351
409.8	0.00063833
410	0.00056590
410.2	0.00082012
410.4	0.00081296
410.6	0.00061709
410.8	0.00028729
411	0.00047801
411.2	0.00052769
411.4	0.00065681
411.6	0.00068931
411.8	0.00066146
412	0.00113870
412.2	0.00125170
412.4	0.00188760
412.6	0.00200840
412.8	0.00230860
413	0.00173780
413.2	0.00189070
413.4	0.00169010
413.6	0.00207290
413.8	0.00269890
414	0.00292890
414.2	0.00356720
414.4	0.00406590
414.6	0.00433910
414.8	0.00457460
415	0.00511640
415.2	0.00604580
415.4	0.00686680
415.6	0.00869850
415.8	0.01134700
416	0.01435400
416.2	0.01698200
416.4	0.01769700
416.6	0.01857600
416.8	0.01802200
417	0.01806800
417.2	0.02034900
417.4	0.02223400
417.6	0.02912800
417.8	0.03841100
418	0.05499600
418.2	0.07736400
418.4	0.10800000
418.6	0.14400000
418.8	0.17000000
419	0.18700000
419.2	0.20200000
419.4	0.22500000
419.6	0.27900000
419.8	0.35700000
420	0.49000000
420.2	0.70800000
420.4	1.10100000
420.6	1.77300000
420.8	2.82500000
421	4.10000000
421.2	5.45700000
421.4	6.34400000
421.6	6.85600000
421.8	7.27600000
422	7.90900000
422.2	8.96100000
422.4	9.91300000
422.6	11.87600000
422.8	15.52700000
423	21.17400000
423.2	29.59600000
423.4	41.46300000
423.6	56.19300000
423.8	69.47000000
424	84.08600000
424.2	90.60400000
424.4	93.28700000
424.6	94.07200000
424.8	94.24600000
425	94.28600000
425.2	90.99500000
425.4	94.44000000
425.6	94.63600000
425.8	94.34800000
426	93.68300000
426.2	93.12000000
426.4	92.95200000
426.6	90.56600000
426.8	93.34100000
427	94.24800000
427.2	94.79500000
427.4	94.88000000
427.6	94.57500000
427.8	94.00100000
428	92.98400000
428.2	93.22300000
428.4	93.44500000
428.6	93.80900000
428.8	94.31300000
429	94.66300000
429.2	94.76600000
429.4	95.02100000
429.6	94.43300000
429.8	94.07100000
430	93.81000000
430.2	93.68400000
430.4	93.60400000
430.6	93.59100000
430.8	96.01200000
431	94.01700000
431.2	93.97400000
431.4	94.24000000
431.6	94.39400000
431.8	94.53100000
432	94.36800000
432.2	94.55000000
432.4	94.24400000
432.6	93.68100000
432.8	93.58000000
433	93.81200000
433.2	94.10000000
433.4	94.41000000
433.6	94.71100000
433.8	95.33900000
434	94.87500000
434.2	94.69000000
434.4	94.37200000
434.6	94.25900000
434.8	94.22900000
435	94.09800000
435.2	94.50900000
435.4	94.58100000
435.6	94.77100000
435.8	94.82800000
436	94.69700000
436.2	94.67000000
436.4	94.42000000
436.6	94.46900000
436.8	94.66900000
437	94.66500000
437.2	94.83500000
437.4	95.00400000
437.6	95.01600000
437.8	95.15800000
438	95.01900000
438.2	94.89600000
438.4	94.74800000
438.6	94.59100000
438.8	94.44200000
439	94.23700000
439.2	93.95900000
439.4	93.76200000
439.6	93.67600000
439.8	93.65800000
440	93.50400000
440.2	93.45200000
440.4	93.09700000
440.6	92.50800000
440.8	91.92800000
441	91.67000000
441.2	91.92700000
441.4	92.51100000
441.6	93.34300000
441.8	94.13500000
442	94.31000000
442.2	93.90300000
442.4	93.57800000
442.6	93.34700000
442.8	93.29300000
443	93.13000000
443.2	92.71800000
443.4	92.27000000
443.6	91.73800000
443.8	89.57100000
444	76.55500000
444.2	44.64300000
444.4	14.86400000
444.6	3.78000000
444.8	1.16200000
445	0.43100000
445.2	0.07869600
445.4	0.02856400
445.6	0.01082500
445.8	0.00443060
446	0.00229780
446.2	0.00135670
446.4	0.00084509
446.6	0.00030169
446.8	0.00016941
447	0.00013398
447.2	0.00009933
447.4	0.00003784
447.6	0.00006851
447.8	0.00005622
448	0.00002148
448.2	0.00002332
448.4	0.00003589
448.6	0.00003009
448.8	0.00001535
449	0.00002463
449.2	0.00002069
449.4	0.00002512
449.6	0.00004431
449.8	0.00002898
450	0.00000512
450.2	0.00001714
450.4	0.00002959
450.6	0.00001961
450.8	0.00000904
451	0.00000752
451.2	0.00000450
451.4	0.00000448
451.6	0.00001807
451.8	0.00002834
452	0.00001765
452.2	0.00001645
452.4	0.00001157
452.6	0.00000484
452.8	0.00001375
453	0.00000984
453.2	0.00000437
453.4	0.00000487
453.6	0.00001459
453.8	0.00002882
454	0.00000616
454.2	0.00000431
454.4	0.00000748
454.6	0.00001319
454.8	0.00000439
455	0.00000584
455.2	0.00000447
455.4	0.00001092
455.6	0.00000883
455.8	0.00000562
456	0.00001262
456.2	0.00001258
456.4	0.00000652
456.6	0.00000742
456.8	0.00000559
457	0.00000538
457.2	0.00001015
457.4	0.00002724
457.6	0.00001136
457.8	0.00000687
458	0.00000483
458.2	0.00000410
458.4	0.00000546
458.6	0.00001193
458.8	0.00000862
459	0.00001260
459.2	0.00001255
459.4	0.00000659
459.6	0.00000509
459.8	0.00000731
460	0.00000421
460.2	0.00000869
460.4	0.00000970
460.6	0.00000882
460.8	0.00000805
461	0.00000395
461.2	0.00000395
461.4	0.00001180
461.6	0.00001564
461.8	0.00000925
462	0.00000464
462.2	0.00000964
462.4	0.00001023
462.6	0.00000428
462.8	0.00000386
463	0.00000845
463.2	0.00001216
463.4	0.00000426
463.6	0.00001334
463.8	0.00000386
464	0.00000380
464.2	0.00000378
464.4	0.00000377
464.6	0.00000445
464.8	0.00001062
465	0.00000489
465.2	0.00000382
465.4	0.00000585
465.6	0.00000546
465.8	0.00000434
466	0.00000724
466.2	0.00000417
466.4	0.00000367
466.6	0.00000366
466.8	0.00000365
467	0.00000452
467.2	0.00000672
467.4	0.00000387
467.6	0.00000359
467.8	0.00000541
468	0.00000903
468.2	0.00000899
468.4	0.00000609
468.6	0.00000358
468.8	0.00000851
469	0.00000548
469.2	0.00000475
469.4	0.00000693
469.6	0.00000568
469.8	0.00000387
470	0.00000919
470.2	0.00000493
470.4	0.00000862
470.6	0.00001633
470.8	0.00000706
471	0.00000575
471.2	0.00000341
471.4	0.00000340
471.6	0.00001252
471.8	0.00001126
472	0.00000456
472.2	0.00001096
472.4	0.00000838
472.6	0.00000350
472.8	0.00000332
473	0.00000331
473.2	0.00000330
473.4	0.00000399
473.6	0.00001077
473.8	0.00000328
474	0.00000326
474.2	0.00000818
474.4	0.00000682
474.6	0.00000483
474.8	0.00001583
475	0.00001230
475.2	0.00000322
475.4	0.00000318
475.6	0.00000982
475.8	0.00001072
476	0.00000314
476.2	0.00000314
476.4	0.00000649
476.6	0.00000340
476.8	0.00000310
477	0.00000309
477.2	0.00000308
477.4	0.00000306
477.6	0.00000305
477.8	0.00000603
478	0.00000628
478.2	0.00000394
478.4	0.00000301
478.6	0.00000300
478.8	0.00000299
479	0.00000297
479.2	0.00000416
479.4	0.00000742
479.6	0.00000474
479.8	0.00000294
480	0.00000345
480.2	0.00000821
480.4	0.00000387
480.6	0.00000498
480.8	0.00000791
481	0.00000706
481.2	0.00000470
481.4	0.00000284
481.6	0.00000283
481.8	0.00000282
482	0.00000339
482.2	0.00000333
482.4	0.00000279
482.6	0.00000278
482.8	0.00000276
483	0.00000817
483.2	0.00001634
483.4	0.00001532
483.6	0.00000577
483.8	0.00000271
484	0.00000270
484.2	0.00000269
484.4	0.00000267
484.6	0.00000266
484.8	0.00000275
485	0.00000352
485.2	0.00000442
485.4	0.00000262
485.6	0.00000261
485.8	0.00000260
486	0.00000464
486.2	0.00000867
486.4	0.00000448
486.6	0.00000256
486.8	0.00000255
487	0.00000726
487.2	0.00000472
487.4	0.00000404
487.6	0.00000832
487.8	0.00000301
488	0.00000249
488.2	0.00000248
488.4	0.00000246
488.6	0.00000245
488.8	0.00000244
489	0.00000253
489.2	0.00000458
489.4	0.00000478
489.6	0.00000275
489.8	0.00000464
490	0.00000611
490.2	0.00000418
490.4	0.00000240
490.6	0.00000474
490.8	0.00000249
491	0.00000234
491.2	0.00000233
491.4	0.00000328
491.6	0.00000613
491.8	0.00000256
492	0.00000302
492.2	0.00000245
492.4	0.00000227
492.6	0.00000226
492.8	0.00000260
493	0.00000448
493.2	0.00000772
493.4	0.00000478
493.6	0.00000788
493.8	0.00000460
494	0.00000220
494.2	0.00000262
494.4	0.00000781
494.6	0.00000322
494.8	0.00000323
495	0.00000424
495.2	0.00000310
495.4	0.00000214
495.6	0.00000213
495.8	0.00000212
496	0.00000211
496.2	0.00000296
496.4	0.00000411
496.6	0.00000318
496.8	0.00000236
497	0.00000406
497.2	0.00000412
497.4	0.00000277
497.6	0.00000213
497.8	0.00000285
498	0.00000462
498.2	0.00000537
498.4	0.00000224
498.6	0.00000201
498.8	0.00000200
499	0.00000284
499.2	0.00000578
499.4	0.00000454
499.6	0.00000205
499.8	0.00000615
500	0.00000331
500.2	0.00000194
500.4	0.00000203
500.6	0.00000279
500.8	0.00000468
501	0.00000195
501.2	0.00000186
501.4	0.00000185
501.6	0.00000184
501.8	0.00000183
502	0.00000182
502.2	0.00000181
502.4	0.00000180
502.6	0.00000287
502.8	0.00000433
503	0.00000399
503.2	0.00000190
503.4	0.00000489
503.6	0.00001031
503.8	0.00000248
504	0.00000465
504.2	0.00000464
504.4	0.00000200
504.6	0.00000346
504.8	0.00000521
505	0.00000200
505.2	0.00000377
505.4	0.00000305
505.6	0.00000238
505.8	0.00000476
506	0.00000199
506.2	0.00000279
506.4	0.00000194
506.6	0.00000261
506.8	0.00000336
507	0.00000289
507.2	0.00000166
507.4	0.00000165
507.6	0.00000187
507.8	0.00000372
508	0.00000266
508.2	0.00000162
508.4	0.00000161
508.6	0.00000161
508.8	0.00000161
509	0.00000230
509.2	0.00000203
509.4	0.00000270
509.6	0.00000356
509.8	0.00000160
510	0.00000159
510.2	0.00000159
510.4	0.00000204
510.6	0.00000349
510.8	0.00000306
511	0.00000158
511.2	0.00000157
511.4	0.00000157
511.6	0.00000346
511.8	0.00000534
512	0.00000275
512.2	0.00000154
512.4	0.00000153
512.6	0.00000152
512.8	0.00000428
513	0.00000607
513.2	0.00000418
513.4	0.00000354
513.6	0.00000383
513.8	0.00000151
514	0.00000151
514.2	0.00000403
514.4	0.00000425
514.6	0.00000241
514.8	0.00000159
515	0.00000150
515.2	0.00000149
515.4	0.00000149
515.6	0.00000548
515.8	0.00000420
516	0.00000165
516.2	0.00000186
516.4	0.00000146
516.6	0.00000145
516.8	0.00000144
517	0.00000144
517.2	0.00000287
517.4	0.00000656
517.6	0.00000375
517.8	0.00000141
518	0.00000141
518.2	0.00000140
518.4	0.00000212
518.6	0.00000429
518.8	0.00000810
519	0.00000596
519.2	0.00000340
519.4	0.00000812
519.6	0.00000210
519.8	0.00000258
520	0.00000533
520.2	0.00000666
520.4	0.00000281
520.6	0.00000447
520.8	0.00000148
521	0.00000228
521.2	0.00000189
521.4	0.00000136
521.6	0.00000156
521.8	0.00000326
522	0.00000134
522.2	0.00000134
522.4	0.00000133
522.6	0.00000132
522.8	0.00000132
523	0.00000139
523.2	0.00000335
523.4	0.00000832
523.6	0.00000177
523.8	0.00000130
524	0.00000258
524.2	0.00000527
524.4	0.00000255
524.6	0.00000141
524.8	0.00000129
525	0.00000128
525.2	0.00000128
525.4	0.00000168
525.6	0.00000314
525.8	0.00000748
526	0.00000376
526.2	0.00000380
526.4	0.00000162
526.6	0.00000126
526.8	0.00000126
527	0.00000125
527.2	0.00000125
527.4	0.00000212
527.6	0.00000129
527.8	0.00000124
528	0.00000222
528.2	0.00000258
528.4	0.00000150
528.6	0.00000540
528.8	0.00000291
529	0.00000133
529.2	0.00000325
529.4	0.00000345
529.6	0.00000199
529.8	0.00000122
530	0.00000121
530.2	0.00000298
530.4	0.00000151
530.6	0.00000121
530.8	0.00000120
531	0.00000120
531.2	0.00000123
531.4	0.00000371
531.6	0.00000408
531.8	0.00000158
532	0.00000118
532.2	0.00000118
532.4	0.00000167
532.6	0.00000689
532.8	0.00000173
533	0.00000117
533.2	0.00000117
533.4	0.00000117
533.6	0.00000149
533.8	0.00000208
534	0.00000120
534.2	0.00000325
534.4	0.00000312
534.6	0.00000239
534.8	0.00000160
535	0.00000145
535.2	0.00000231
535.4	0.00000231
535.6	0.00000141
535.8	0.00000185
536	0.00000155
536.2	0.00000115
536.4	0.00000115
536.6	0.00000114
536.8	0.00000114
537	0.00000114
537.2	0.00000113
537.4	0.00000113
537.6	0.00000113
537.8	0.00000134
538	0.00000229
538.2	0.00000315
538.4	0.00000166
538.6	0.00000111
538.8	0.00000111
539	0.00000177
539.2	0.00000261
539.4	0.00000112
539.6	0.00000194
539.8	0.00000145
540	0.00000128
540.2	0.00000249
540.4	0.00000396
540.6	0.00000271
540.8	0.00000113
541	0.00000259
541.2	0.00000178
541.4	0.00000121
541.6	0.00000197
541.8	0.00000330
542	0.00000343
542.2	0.00000431
542.4	0.00000263
542.6	0.00000151
542.8	0.00000154
543	0.00000290
543.2	0.00000232
543.4	0.00000124
543.6	0.00000373
543.8	0.00000165
544	0.00000150
544.2	0.00000193
544.4	0.00000139
544.6	0.00000107
544.8	0.00000107
545	0.00000107
545.2	0.00000168
545.4	0.00000157
545.6	0.00000120
545.8	0.00000173
546	0.00000182
546.2	0.00000107
546.4	0.00000107
546.6	0.00000210
546.8	0.00000204
547	0.00000116
547.2	0.00000141
547.4	0.00000121
547.6	0.00000210
547.8	0.00000124
548	0.00000158
548.2	0.00000164
548.4	0.00000106
548.6	0.00000106
548.8	0.00000106
549	0.00000105
549.2	0.00000105
549.4	0.00000105
549.6	0.00000105
549.8	0.00000115
550	0.00000181
550.2	0.00000118
550.4	0.00000280
550.6	0.00000147
550.8	0.00000105
551	0.00000105
551.2	0.00000113
551.4	0.00000219
551.6	0.00000105
551.8	0.00000105
552	0.00000105
552.2	0.00000105
552.4	0.00000154
552.6	0.00000507
552.8	0.00000205
553	0.00000315
553.2	0.00000314
553.4	0.00000373
553.6	0.00000242
553.8	0.00000104
554	0.00000104
554.2	0.00000145
554.4	0.00000490
554.6	0.00000351
554.8	0.00000248
555	0.00000206
555.2	0.00000186
555.4	0.00000107
555.6	0.00000139
555.8	0.00000106
556	0.00000102
556.2	0.00000102
556.4	0.00000102
556.6	0.00000117
556.8	0.00000352
557	0.00000230
557.2	0.00000376
557.4	0.00000153
557.6	0.00000144
557.8	0.00000166
558	0.00000102
558.2	0.00000102
558.4	0.00000102
558.6	0.00000102
558.8	0.00000102
559	0.00000102
559.2	0.00000154
559.4	0.00000108
559.6	0.00000309
559.8	0.00000282
560	0.00000223
560.2	0.00000042
560.4	0.00000050
560.6	0.00000060
560.8	0.00000072
561	0.00000086
561.2	0.00000104
561.4	0.00000124
561.6	0.00000149
561.8	0.00000178
562	0.00000213
562.2	0.00000256
562.4	0.00000306
562.6	0.00000297
562.8	0.00000247
563	0.00000206
563.2	0.00000172
563.4	0.00000143
563.6	0.00000119
563.8	0.00000100
564	0.00000083
564.2	0.00000069
564.4	0.00000058
564.6	0.00000048
564.8	0.00000040
565	0.00000036
565.2	0.00000036
565.4	0.00000036
565.6	0.00000036
565.8	0.00000036
566	0.00000036
566.2	0.00000036
566.4	0.00000036
566.6	0.00000036
566.8	0.00000036
567	0.00000036
567.2	0.00000036
567.4	0.00000037
567.6	0.00000042
567.8	0.00000047
568	0.00000053
568.2	0.00000059
568.4	0.00000067
568.6	0.00000075
568.8	0.00000084
569	0.00000095
569.2	0.00000107
569.4	0.00000120
569.6	0.00000135
569.8	0.00000152
570	0.00000154
570.2	0.00000137
570.4	0.00000121
570.6	0.00000108
570.8	0.00000096
571	0.00000085
571.2	0.00000076
571.4	0.00000067
571.6	0.00000060
571.8	0.00000053
572	0.00000047
572.2	0.00000042
572.4	0.00000037
572.6	0.00000039
572.8	0.00000047
573	0.00000057
573.2	0.00000068
573.4	0.00000081
573.6	0.00000097
573.8	0.00000117
574	0.00000140
574.2	0.00000167
574.4	0.00000201
574.6	0.00000240
574.8	0.00000288
575	0.00000294
575.2	0.00000245
575.4	0.00000205
575.6	0.00000171
575.8	0.00000142
576	0.00000119
576.2	0.00000099
576.4	0.00000083
576.6	0.00000069
576.8	0.00000058
577	0.00000048
577.2	0.00000040
577.4	0.00000039
577.6	0.00000055
577.8	0.00000076
578	0.00000106
578.2	0.00000147
578.4	0.00000205
578.6	0.00000285
578.8	0.00000397
579	0.00000553
579.2	0.00000769
579.4	0.00001070
579.6	0.00001490
579.8	0.00002073
580	0.00002517
580.2	0.00002594
580.4	0.00002673
580.6	0.00002755
580.8	0.00002840
581	0.00002927
581.2	0.00003016
581.4	0.00003109
581.6	0.00003204
581.8	0.00003302
582	0.00003403
582.2	0.00003508
582.4	0.00003615
582.6	0.00003377
582.8	0.00002950
583	0.00002578
583.2	0.00002252
583.4	0.00001968
583.6	0.00001719
583.8	0.00001502
584	0.00001312
584.2	0.00001146
584.4	0.00001001
584.6	0.00000875
584.8	0.00000764
585	0.00000769
585.2	0.00000913
585.4	0.00001085
585.6	0.00001288
585.8	0.00001529
586	0.00001816
586.2	0.00002156
586.4	0.00002561
586.6	0.00003041
586.8	0.00003611
587	0.00004288
587.2	0.00005091
587.4	0.00005677
587.6	0.00005587
587.8	0.00005499
588	0.00005411
588.2	0.00005325
588.4	0.00005241
588.6	0.00005158
588.8	0.00005076
589	0.00004995
589.2	0.00004916
589.4	0.00004838
589.6	0.00004761
589.8	0.00004686
590	0.00004492
590.2	0.00004177
590.4	0.00003885
590.6	0.00003613
590.8	0.00003360
591	0.00003125
591.2	0.00002907
591.4	0.00002703
591.6	0.00002514
591.8	0.00002338
592	0.00002174
592.2	0.00002022
592.4	0.00001881
592.6	0.00001807
592.8	0.00001776
593	0.00001746
593.2	0.00001716
593.4	0.00001686
593.6	0.00001657
593.8	0.00001629
594	0.00001601
594.2	0.00001573
594.4	0.00001546
594.6	0.00001520
594.8	0.00001494
595	0.00001599
595.2	0.00001888
595.4	0.00002229
595.6	0.00002631
595.8	0.00003107
596	0.00003668
596.2	0.00004330
596.4	0.00005112
596.6	0.00006036
596.8	0.00007126
597	0.00008414
597.2	0.00009933
597.4	0.00011170
597.6	0.00011452
597.8	0.00011740
598	0.00012036
598.2	0.00012340
598.4	0.00012651
598.6	0.00012969
598.8	0.00013296
599	0.00013631
599.2	0.00013975
599.4	0.00014327
599.6	0.00014688
599.8	0.00015058
600	0.00014345
600.2	0.00012493
600.4	0.00010880
600.6	0.00009475
600.8	0.00008252
601	0.00007187
601.2	0.00006259
601.4	0.00005451
601.6	0.00004747
601.8	0.00004134
602	0.00003600
602.2	0.00003136
602.4	0.00002731
602.6	0.00002524
602.8	0.00002449
603	0.00002376
603.2	0.00002306
603.4	0.00002238
603.6	0.00002171
603.8	0.00002107
604	0.00002044
604.2	0.00001984
604.4	0.00001925
604.6	0.00001868
604.8	0.00001812
605	0.00001858
605.2	0.00002050
605.4	0.00002261
605.6	0.00002494
605.8	0.00002751
606	0.00003035
606.2	0.00003348
606.4	0.00003693
606.6	0.00004074
606.8	0.00004494
607	0.00004958
607.2	0.00005469
607.4	0.00005866
607.6	0.00005928
607.8	0.00005990
608	0.00006053
608.2	0.00006117
608.4	0.00006181
608.6	0.00006246
608.8	0.00006312
609	0.00006379
609.2	0.00006446
609.4	0.00006514
609.6	0.00006583
609.8	0.00006652
610	0.00006295
610.2	0.00005472
610.4	0.00004756
610.6	0.00004133
610.8	0.00003593
611	0.00003123
611.2	0.00002714
611.4	0.00002359
611.6	0.00002050
611.8	0.00001782
612	0.00001549
612.2	0.00001346
612.4	0.00001170
612.6	0.00001044
612.8	0.00000951
613	0.00000866
613.2	0.00000789
613.4	0.00000719
613.6	0.00000655
613.8	0.00000597
614	0.00000543
614.2	0.00000495
614.4	0.00000451
614.6	0.00000411
614.8	0.00000374
615	0.00000357
615.2	0.00000359
615.4	0.00000362
615.6	0.00000365
615.8	0.00000368
616	0.00000371
616.2	0.00000374
616.4	0.00000376
616.6	0.00000379
616.8	0.00000382
617	0.00000385
617.2	0.00000388
617.4	0.00000407
617.6	0.00000459
617.8	0.00000519
618	0.00000586
618.2	0.00000662
618.4	0.00000748
618.6	0.00000845
618.8	0.00000954
619	0.00001078
619.2	0.00001217
619.4	0.00001375
619.6	0.00001553
619.8	0.00001754
620	0.00001987
620.2	0.00002258
620.4	0.00002566
620.6	0.00002916
620.8	0.00003314
621	0.00003766
621.2	0.00004280
621.4	0.00004864
621.6	0.00005528
621.8	0.00006282
622	0.00007139
622.2	0.00008113
622.4	0.00009219
622.6	0.00009491
622.8	0.00009042
623	0.00008613
623.2	0.00008205
623.4	0.00007816
623.6	0.00007446
623.8	0.00007093
624	0.00006757
624.2	0.00006436
624.4	0.00006131
624.6	0.00005841
624.8	0.00005564
625	0.00005208
625.2	0.00004774
625.4	0.00004376
625.6	0.00004011
625.8	0.00003677
626	0.00003370
626.2	0.00003089
626.4	0.00002832
626.6	0.00002596
626.8	0.00002379
627	0.00002181
627.2	0.00001999
627.4	0.00001881
627.6	0.00001855
627.8	0.00001829
628	0.00001804
628.2	0.00001778
628.4	0.00001754
628.6	0.00001729
628.8	0.00001705
629	0.00001681
629.2	0.00001658
629.4	0.00001635
629.6	0.00001612
629.8	0.00001589
630	0.00001635
630.2	0.00001774
630.4	0.00001924
630.6	0.00002087
630.8	0.00002264
631	0.00002456
631.2	0.00002664
631.4	0.00002890
631.6	0.00003135
631.8	0.00003400
632	0.00003688
632.2	0.00004001
632.4	0.00004340
632.6	0.00004530
632.8	0.00004567
633	0.00004604
633.2	0.00004642
633.4	0.00004680
633.6	0.00004718
633.8	0.00004756
634	0.00004795
634.2	0.00004834
634.4	0.00004874
634.6	0.00004913
634.8	0.00004953
635	0.00004961
635.2	0.00004926
635.4	0.00004892
635.6	0.00004858
635.8	0.00004824
636	0.00004790
636.2	0.00004757
636.4	0.00004724
636.6	0.00004691
636.8	0.00004658
637	0.00004625
637.2	0.00004593
637.4	0.00004635
637.6	0.00004821
637.8	0.00005014
638	0.00005216
638.2	0.00005425
638.4	0.00005643
638.6	0.00005869
638.8	0.00006105
639	0.00006350
639.2	0.00006605
639.4	0.00006870
639.6	0.00007146
639.8	0.00007433
640	0.00007569
640.2	0.00007505
640.4	0.00007442
640.6	0.00007379
640.8	0.00007317
641	0.00007255
641.2	0.00007194
641.4	0.00007133
641.6	0.00007073
641.8	0.00007013
642	0.00006954
642.2	0.00006895
642.4	0.00006837
642.6	0.00006732
642.8	0.00006588
643	0.00006447
643.2	0.00006310
643.4	0.00006175
643.6	0.00006043
643.8	0.00005914
644	0.00005788
644.2	0.00005665
644.4	0.00005544
644.6	0.00005425
644.8	0.00005310
645	0.00005367
645.2	0.00005642
645.4	0.00005932
645.6	0.00006237
645.8	0.00006558
646	0.00006895
646.2	0.00007250
646.4	0.00007622
646.6	0.00008014
646.8	0.00008426
647	0.00008859
647.2	0.00009314
647.4	0.00009881
647.6	0.00010644
647.8	0.00011467
648	0.00012352
648.2	0.00013306
648.4	0.00014334
648.6	0.00015441
648.8	0.00016633
649	0.00017917
649.2	0.00019301
649.4	0.00020792
649.6	0.00022397
649.8	0.00024127
650	0.00024986
650.2	0.00024682
650.4	0.00024381
650.6	0.00024084
650.8	0.00023791
651	0.00023501
651.2	0.00023215
651.4	0.00022933
651.6	0.00022653
651.8	0.00022378
652	0.00022105
652.2	0.00021836
652.4	0.00021570
652.6	0.00020588
652.8	0.00019073
653	0.00017669
653.2	0.00016369
653.4	0.00015164
653.6	0.00014048
653.8	0.00013014
654	0.00012056
654.2	0.00011169
654.4	0.00010347
654.6	0.00009586
654.8	0.00008880
655	0.00008349
655.2	0.00007990
655.4	0.00007646
655.6	0.00007318
655.8	0.00007003
656	0.00006702
656.2	0.00006413
656.4	0.00006138
656.6	0.00005874
656.8	0.00005621
657	0.00005379
657.2	0.00005148
657.4	0.00005053
657.6	0.00005168
657.8	0.00005286
658	0.00005407
658.2	0.00005531
658.4	0.00005657
658.6	0.00005787
658.8	0.00005919
659	0.00006054
659.2	0.00006193
659.4	0.00006334
659.6	0.00006479
659.8	0.00006627
660	0.00006823
660.2	0.00007080
660.4	0.00007347
660.6	0.00007623
660.8	0.00007910
661	0.00008208
661.2	0.00008517
661.4	0.00008838
661.6	0.00009171
661.8	0.00009516
662	0.00009874
662.2	0.00010246
662.4	0.00010632
662.6	0.00010516
662.8	0.00009958
663	0.00009431
663.2	0.00008931
663.4	0.00008458
663.6	0.00008010
663.8	0.00007585
664	0.00007184
664.2	0.00006803
664.4	0.00006443
664.6	0.00006101
664.8	0.00005778
665	0.00005382
665.2	0.00004914
665.4	0.00004486
665.6	0.00004096
665.8	0.00003740
666	0.00003415
666.2	0.00003118
666.4	0.00002846
666.6	0.00002599
666.8	0.00002373
667	0.00002167
667.2	0.00001978
667.4	0.00001846
667.6	0.00001784
667.8	0.00001724
668	0.00001665
668.2	0.00001609
668.4	0.00001555
668.6	0.00001502
668.8	0.00001451
669	0.00001402
669.2	0.00001355
669.4	0.00001309
669.6	0.00001265
669.8	0.00001222
670	0.00001210
670.2	0.00001235
670.4	0.00001261
670.6	0.00001288
670.8	0.00001316
671	0.00001343
671.2	0.00001372
671.4	0.00001401
671.6	0.00001431
671.8	0.00001461
672	0.00001492
672.2	0.00001524
672.4	0.00001556
672.6	0.00001609
672.8	0.00001685
673	0.00001765
673.2	0.00001849
673.4	0.00001937
673.6	0.00002029
673.8	0.00002125
674	0.00002226
674.2	0.00002332
674.4	0.00002442
674.6	0.00002558
674.8	0.00002680
675	0.00002816
675.2	0.00002973
675.4	0.00003138
675.6	0.00003313
675.8	0.00003497
676	0.00003692
676.2	0.00003898
676.4	0.00004114
676.6	0.00004343
676.8	0.00004585
677	0.00004840
677.2	0.00005110
677.4	0.00005296
677.6	0.00005317
677.8	0.00005339
678	0.00005360
678.2	0.00005382
678.4	0.00005403
678.6	0.00005425
678.8	0.00005447
679	0.00005468
679.2	0.00005490
679.4	0.00005512
679.6	0.00005534
679.8	0.00005557
680	0.00005615
680.2	0.00005724
680.4	0.00005835
680.6	0.00005948
680.8	0.00006063
681	0.00006181
681.2	0.00006300
681.4	0.00006422
681.6	0.00006547
681.8	0.00006673
682	0.00006803
682.2	0.00006934
682.4	0.00007068
682.6	0.00007110
682.8	0.00007054
683	0.00006999
683.2	0.00006944
683.4	0.00006889
683.6	0.00006835
683.8	0.00006781
684	0.00006727
684.2	0.00006674
684.4	0.00006622
684.6	0.00006569
684.8	0.00006518
685	0.00006616
685.2	0.00006919
685.4	0.00007236
685.6	0.00007567
685.8	0.00007914
686	0.00008276
686.2	0.00008655
686.4	0.00009052
686.6	0.00009466
686.8	0.00009900
687	0.00010353
687.2	0.00010827
687.4	0.00011084
687.6	0.00010966
687.8	0.00010850
688	0.00010735
688.2	0.00010621
688.4	0.00010509
688.6	0.00010397
688.8	0.00010287
689	0.00010178
689.2	0.00010070
689.4	0.00009964
689.6	0.00009858
689.8	0.00009754
690	0.00009550
690.2	0.00009228
690.4	0.00008917
690.6	0.00008616
690.8	0.00008325
691	0.00008045
691.2	0.00007773
691.4	0.00007511
691.6	0.00007258
691.8	0.00007013
692	0.00006776
692.2	0.00006548
692.4	0.00006327
692.6	0.00006116
692.8	0.00005916
693	0.00005722
693.2	0.00005535
693.4	0.00005354
693.6	0.00005179
693.8	0.00005009
694	0.00004845
694.2	0.00004686
694.4	0.00004533
694.6	0.00004385
694.8	0.00004241
695	0.00004109
695.2	0.00003989
695.4	0.00003872
695.6	0.00003759
695.8	0.00003649
696	0.00003542
696.2	0.00003439
696.4	0.00003338
696.6	0.00003241
696.8	0.00003146
697	0.00003054
697.2	0.00002965
697.4	0.00002899
697.6	0.00002865
697.8	0.00002832
698	0.00002799
698.2	0.00002766
698.4	0.00002734
698.6	0.00002702
698.8	0.00002670
699	0.00002639
699.2	0.00002609
699.4	0.00002578
699.6	0.00002548
699.8	0.00002519
700	0.00002524
700.2	0.00002573
700.4	0.00002624
700.6	0.00002675
700.8	0.00002728
701	0.00002781
701.2	0.00002836
701.4	0.00002892
701.6	0.00002949
701.8	0.00003007
702	0.00003066
702.2	0.00003126
702.4	0.00003187
702.6	0.00003309
702.8	0.00003502
703	0.00003707
703.2	0.00003924
703.4	0.00004154
703.6	0.00004397
703.8	0.00004654
704	0.00004927
704.2	0.00005215
704.4	0.00005520
704.6	0.00005843
704.8	0.00006185
705	0.00006509
705.2	0.00006800
705.4	0.00007104
705.6	0.00007422
705.8	0.00007754
706	0.00008101
706.2	0.00008463
706.4	0.00008841
706.6	0.00009236
706.8	0.00009649
707	0.00010081
707.2	0.00010532
707.4	0.00010832
707.6	0.00010889
707.8	0.00010947
708	0.00011004
708.2	0.00011062
708.4	0.00011121
708.6	0.00011179
708.8	0.00011238
709	0.00011297
709.2	0.00011357
709.4	0.00011417
709.6	0.00011477
709.8	0.00011537
710	0.00011761
710.2	0.00012202
710.4	0.00012661
710.6	0.00013136
710.8	0.00013630
711	0.00014142
711.2	0.00014673
711.4	0.00015224
711.6	0.00015796
711.8	0.00016390
712	0.00017006
712.2	0.00017644
712.4	0.00018307
712.6	0.00018651
712.8	0.00018612
713	0.00018574
713.2	0.00018536
713.4	0.00018498
713.6	0.00018461
713.8	0.00018423
714	0.00018385
714.2	0.00018348
714.4	0.00018310
714.6	0.00018273
714.8	0.00018235
715	0.00018138
715.2	0.00017965
715.4	0.00017793
715.6	0.00017623
715.8	0.00017454
716	0.00017288
716.2	0.00017122
716.4	0.00016959
716.6	0.00016796
716.8	0.00016636
717	0.00016477
717.2	0.00016319
717.4	0.00016072
717.6	0.00015700
717.8	0.00015336
718	0.00014981
718.2	0.00014634
718.4	0.00014295
718.6	0.00013963
718.8	0.00013640
719	0.00013324
719.2	0.00013015
719.4	0.00012714
719.6	0.00012419
719.8	0.00012132
720	0.00011819
720.2	0.00011477
720.4	0.00011144
720.6	0.00010821
720.8	0.00010508
721	0.00010203
721.2	0.00009908
721.4	0.00009621
721.6	0.00009342
721.8	0.00009071
722	0.00008808
722.2	0.00008553
722.4	0.00008305
722.6	0.00008122
722.8	0.00008004
723	0.00007888
723.2	0.00007774
723.4	0.00007661
723.6	0.00007550
723.8	0.00007441
724	0.00007333
724.2	0.00007227
724.4	0.00007122
724.6	0.00007019
724.8	0.00006917
725	0.00006929
725.2	0.00007076
725.4	0.00007226
725.6	0.00007379
725.8	0.00007536
726	0.00007696
726.2	0.00007860
726.4	0.00008027
726.6	0.00008197
726.8	0.00008371
727	0.00008549
727.2	0.00008730
727.4	0.00008912
727.6	0.00009094
727.8	0.00009279
728	0.00009468
728.2	0.00009661
728.4	0.00009858
728.6	0.00010058
728.8	0.00010263
729	0.00010472
729.2	0.00010685
729.4	0.00010903
729.6	0.00011125
729.8	0.00011351
730	0.00011592
730.2	0.00011850
730.4	0.00012113
730.6	0.00012383
730.8	0.00012658
731	0.00012940
731.2	0.00013227
731.4	0.00013521
731.6	0.00013822
731.8	0.00014129
732	0.00014443
732.2	0.00014765
732.4	0.00015093
732.6	0.00015018
732.8	0.00014486
733	0.00013973
733.2	0.00013479
733.4	0.00013001
733.6	0.00012541
733.8	0.00012097
734	0.00011669
734.2	0.00011256
734.4	0.00010857
734.6	0.00010473
734.8	0.00010102
735	0.00009619
735.2	0.00009015
735.4	0.00008448
735.6	0.00007917
735.8	0.00007420
736	0.00006953
736.2	0.00006516
736.4	0.00006107
736.6	0.00005723
736.8	0.00005363
737	0.00005026
737.2	0.00004710
737.4	0.00004491
737.6	0.00004378
737.8	0.00004267
738	0.00004159
738.2	0.00004053
738.4	0.00003951
738.6	0.00003851
738.8	0.00003753
739	0.00003658
739.2	0.00003566
739.4	0.00003475
739.6	0.00003387
739.8	0.00003302
740	0.00003315
740.2	0.00003445
740.4	0.00003581
740.6	0.00003722
740.8	0.00003868
741	0.00004020
741.2	0.00004179
741.4	0.00004343
741.6	0.00004514
741.8	0.00004692
742	0.00004876
742.2	0.00005068
742.4	0.00005268
742.6	0.00005473
742.8	0.00005683
743	0.00005901
743.2	0.00006128
743.4	0.00006363
743.6	0.00006607
743.8	0.00006861
744	0.00007124
744.2	0.00007397
744.4	0.00007681
744.6	0.00007976
744.8	0.00008282
745	0.00008557
745.2	0.00008790
745.4	0.00009028
745.6	0.00009274
745.8	0.00009526
746	0.00009785
746.2	0.00010051
746.4	0.00010324
746.6	0.00010605
746.8	0.00010893
747	0.00011189
747.2	0.00011493
747.4	0.00011648
747.6	0.00011620
747.8	0.00011592
748	0.00011565
748.2	0.00011537
748.4	0.00011510
748.6	0.00011482
748.8	0.00011455
749	0.00011427
749.2	0.00011400
749.4	0.00011373
749.6	0.00011346
749.8	0.00011319
750	0.00011380
750.2	0.00011550
750.4	0.00011722
750.6	0.00011897
750.8	0.00012075
751	0.00012255
751.2	0.00012438
751.4	0.00012624
751.6	0.00012812
751.8	0.00013003
752	0.00013197
752.2	0.00013394
752.4	0.00013594
752.6	0.00013805
752.8	0.00014028
753	0.00014255
753.2	0.00014486
753.4	0.00014720
753.6	0.00014959
753.8	0.00015201
754	0.00015447
754.2	0.00015697
754.4	0.00015951
754.6	0.00016209
754.8	0.00016472
755	0.00016687
755.2	0.00016841
755.4	0.00016997
755.6	0.00017153
755.8	0.00017312
756	0.00017472
756.2	0.00017633
756.4	0.00017795
756.6	0.00017960
756.8	0.00018125
757	0.00018293
757.2	0.00018461
757.4	0.00018609
757.6	0.00018731
757.8	0.00018853
758	0.00018976
758.2	0.00019100
758.4	0.00019224
758.6	0.00019350
758.8	0.00019476
759	0.00019603
759.2	0.00019731
759.4	0.00019860
759.6	0.00019989
759.8	0.00020120
760	0.00020263
760.2	0.00020421
760.4	0.00020581
760.6	0.00020741
760.8	0.00020903
761	0.00021067
761.2	0.00021231
761.4	0.00021397
761.6	0.00021564
761.8	0.00021732
762	0.00021902
762.2	0.00022073
762.4	0.00022246
762.6	0.00021827
762.8	0.00020713
763	0.00019655
763.2	0.00018652
763.4	0.00017699
763.6	0.00016796
763.8	0.00015938
764	0.00015124
764.2	0.00014352
764.4	0.00013619
764.6	0.00012924
764.8	0.00012264
765	0.00011682
765.2	0.00011177
765.4	0.00010694
765.6	0.00010232
765.8	0.00009790
766	0.00009367
766.2	0.00008962
766.4	0.00008575
766.6	0.00008204
766.8	0.00007850
767	0.00007511
767.2	0.00007186
767.4	0.00006979
767.6	0.00006896
767.8	0.00006814
768	0.00006733
768.2	0.00006653
768.4	0.00006574
768.6	0.00006496
768.8	0.00006418
769	0.00006342
769.2	0.00006267
769.4	0.00006192
769.6	0.00006118
769.8	0.00006046
770	0.00006145
770.2	0.00006465
770.4	0.00006802
770.6	0.00007156
770.8	0.00007529
771	0.00007922
771.2	0.00008334
771.4	0.00008769
771.6	0.00009226
771.8	0.00009706
772	0.00010212
772.2	0.00010744
772.4	0.00011304
772.6	0.00011811
772.8	0.00012227
773	0.00012658
773.2	0.00013105
773.4	0.00013567
773.6	0.00014045
773.8	0.00014540
774	0.00015053
774.2	0.00015583
774.4	0.00016133
774.6	0.00016701
774.8	0.00017290
775	0.00017509
775.2	0.00017248
775.4	0.00016990
775.6	0.00016737
775.8	0.00016488
776	0.00016242
776.2	0.00016000
776.4	0.00015761
776.6	0.00015526
776.8	0.00015295
777	0.00015067
777.2	0.00014842
777.4	0.00014618
777.6	0.00014395
777.8	0.00014175
778	0.00013958
778.2	0.00013745
778.4	0.00013535
778.6	0.00013328
778.8	0.00013124
779	0.00012924
779.2	0.00012726
779.4	0.00012532
779.6	0.00012340
779.8	0.00012151
780	0.00012195
780.2	0.00012520
780.4	0.00012854
780.6	0.00013197
780.8	0.00013549
781	0.00013910
781.2	0.00014281
781.4	0.00014662
781.6	0.00015053
781.8	0.00015454
782	0.00015866
782.2	0.00016290
782.4	0.00016724
782.6	0.00016585
782.8	0.00015723
783	0.00014906
783.2	0.00014131
783.4	0.00013396
783.6	0.00012700
783.8	0.00012040
784	0.00011414
784.2	0.00010821
784.4	0.00010259
784.6	0.00009725
784.8	0.00009220
785	0.00008800
785.2	0.00008591
785.4	0.00008387
785.6	0.00008187
785.8	0.00007993
786	0.00007803
786.2	0.00007617
786.4	0.00007436
786.6	0.00007260
786.8	0.00007087
787	0.00006919
787.2	0.00006754
787.4	0.00006594
787.6	0.00006437
787.8	0.00006353
788	0.00006311
788.2	0.00006269
788.4	0.00006228
788.6	0.00006187
788.8	0.00006147
789	0.00006106
789.2	0.00006066
789.4	0.00006026
789.6	0.00005987
789.8	0.00005947
790	0.00005908
790.2	0.00005869
790.4	0.00005831
790.6	0.00005793
790.8	0.00005755
791	0.00005006
791.2	0.00004146
791.4	0.00003433
791.6	0.00002843
791.8	0.00002355
792	0.00001950
792.2	0.00001615
792.4	0.00001337
792.6	0.00001108
792.8	0.00000917
793	0.00000760
793.2	0.00000629
793.4	0.00000521
793.6	0.00000431
793.8	0.00000357
794	0.00000296
794.2	0.00000245
794.4	0.00000203
794.6	0.00000168
794.8	0.00000139
795	0.00000115
795.2	0.00000095
795.4	0.00000079
795.6	0.00000065
795.8	0.00000054
796	0.00000045
796.2	0.00000040
796.4	0.00000040
796.6	0.00000040
796.8	0.00000040
797	0.00000040
797.2	0.00000040
797.4	0.00000040
797.6	0.00000040
797.8	0.00000040
798	0.00000040
798.2	0.00000040
798.4	0.00000040
798.6	0.00000040
798.8	0.00000040
799	0.00000040
799.2	0.00000040
799.4	0.00000040
799.6	0.00000040
799.8	0.00000040
800	0.00000040
800.2	0.00000040
800.4	0.00000040
800.6	0.00000040
800.8	0.00000040
801	0.00000040
801.2	0.00000040
801.4	0.00000040
801.6	0.00000040
801.8	0.00000040
802	0.00000040
802.2	0.00000040
802.4	0.00000040
802.6	0.00000040
802.8	0.00000040
803	0.00000040
803.2	0.00000040
803.4	0.00000040
803.6	0.00000040
803.8	0.00000040
804	0.00000040
804.2	0.00000062
804.4	0.00000107
804.6	0.00000182
804.8	0.00000310
805	0.00000530
805.2	0.00000904
805.4	0.00001543
805.6	0.00002634
805.8	0.00004494
806	0.00007670
806.2	0.00010696
806.4	0.00011019
806.6	0.00011352
806.8	0.00011696
807	0.00012049
807.2	0.00012413
807.4	0.00012788
807.6	0.00013175
807.8	0.00013573
808	0.00013983
808.2	0.00014184
808.4	0.00014170
808.6	0.00014157
808.8	0.00014144
809	0.00014130
809.2	0.00014117
809.4	0.00014103
809.6	0.00014090
809.8	0.00014076
810	0.00014063
810.2	0.00013687
810.4	0.00013105
810.6	0.00012548
810.8	0.00012015
811	0.00011504
811.2	0.00011015
811.4	0.00010546
811.6	0.00010098
811.8	0.00009669
812	0.00009258
812.2	0.00008314
812.4	0.00007288
812.6	0.00006388
812.8	0.00005599
813	0.00004908
813.2	0.00004302
813.4	0.00003771
813.6	0.00003306
813.8	0.00002897
814	0.00002540
814.2	0.00002390
814.4	0.00002279
814.6	0.00002174
814.8	0.00002074
815	0.00001978
815.2	0.00001887
815.4	0.00001799
815.6	0.00001716
815.8	0.00001637
816	0.00001561
816.2	0.00001310
816.4	0.00000898
816.6	0.00000616
816.8	0.00000423
817	0.00000290
817.2	0.00000199
817.4	0.00000136
817.6	0.00000094
817.8	0.00000064
818	0.00000044
818.2	0.00000045
818.4	0.00000068
818.6	0.00000103
818.8	0.00000156
819	0.00000236
819.2	0.00000357
819.4	0.00000540
819.6	0.00000817
819.8	0.00001235
820	0.00001869
820.2	0.00002271
820.4	0.00002413
820.6	0.00002563
820.8	0.00002723
821	0.00002893
821.2	0.00003074
821.4	0.00003266
821.6	0.00003469
821.8	0.00003686
822	0.00003916
822.2	0.00004150
822.4	0.00004394
822.6	0.00004652
822.8	0.00004926
823	0.00005216
823.2	0.00005523
823.4	0.00005847
823.6	0.00006191
823.8	0.00006555
824	0.00006941
824.2	0.00007233
824.4	0.00007517
824.6	0.00007813
824.8	0.00008120
825	0.00008439
825.2	0.00008771
825.4	0.00009116
825.6	0.00009475
825.8	0.00009848
826	0.00010235
826.2	0.00010316
826.4	0.00009878
826.6	0.00009459
826.8	0.00009058
827	0.00008674
827.2	0.00008306
827.4	0.00007954
827.6	0.00007616
827.8	0.00007293
828	0.00006984
828.2	0.00006735
828.4	0.00006540
828.6	0.00006351
828.8	0.00006168
829	0.00005990
829.2	0.00005817
829.4	0.00005649
829.6	0.00005486
829.8	0.00005328
830	0.00005174
830.2	0.00005193
830.4	0.00005322
830.6	0.00005454
830.8	0.00005589
831	0.00005727
831.2	0.00005869
831.4	0.00006015
831.6	0.00006164
831.8	0.00006316
832	0.00006473
832.2	0.00006766
832.4	0.00007122
832.6	0.00007496
832.8	0.00007890
833	0.00008305
833.2	0.00008741
833.4	0.00009201
833.6	0.00009684
833.8	0.00010193
834	0.00010729
834.2	0.00011063
834.4	0.00011372
834.6	0.00011689
834.8	0.00012016
835	0.00012352
835.2	0.00012697
835.4	0.00013052
835.6	0.00013416
835.8	0.00013791
836	0.00014176
836.2	0.00014479
836.4	0.00014634
836.6	0.00014790
836.8	0.00014948
837	0.00015108
837.2	0.00015269
837.4	0.00015432
837.6	0.00015597
837.8	0.00015764
838	0.00015932
838.2	0.00015828
838.4	0.00015463
838.6	0.00015106
838.8	0.00014757
839	0.00014416
839.2	0.00014083
839.4	0.00013758
839.6	0.00013440
839.8	0.00013130
840	0.00012827
840.2	0.00012917
840.4	0.00013241
840.6	0.00013574
840.8	0.00013915
841	0.00014265
841.2	0.00014623
841.4	0.00014991
841.6	0.00015367
841.8	0.00015753
842	0.00016149
842.2	0.00016375
842.4	0.00016548
842.6	0.00016722
842.8	0.00016899
843	0.00017077
843.2	0.00017258
843.4	0.00017440
843.6	0.00017624
843.8	0.00017810
844	0.00017999
844.2	0.00016451
844.4	0.00014870
844.6	0.00013441
844.8	0.00012149
845	0.00010981
845.2	0.00009925
845.4	0.00008971
845.6	0.00008109
845.8	0.00007330
846	0.00006625
846.2	0.00006000
846.4	0.00005455
846.6	0.00004960
846.8	0.00004509
847	0.00004100
847.2	0.00003727
847.4	0.00003389
847.6	0.00003081
847.8	0.00002801
848	0.00002547
848.2	0.00001982
848.4	0.00001295
848.6	0.00000846
848.8	0.00000553
849	0.00000361
849.2	0.00000236
849.4	0.00000154
849.6	0.00000101
849.8	0.00000066
850	0.00000043
850.2	0.00000036
850.4	0.00000036
850.6	0.00000036
850.8	0.00000036
851	0.00000036
851.2	0.00000036
851.4	0.00000036
851.6	0.00000036
851.8	0.00000036
852	0.00000036
852.2	0.00000038
852.4	0.00000041
852.6	0.00000044
852.8	0.00000047
853	0.00000051
853.2	0.00000054
853.4	0.00000058
853.6	0.00000063
853.8	0.00000067
854	0.00000072
854.2	0.00000069
854.4	0.00000064
854.6	0.00000060
854.8	0.00000057
855	0.00000053
855.2	0.00000050
855.4	0.00000047
855.6	0.00000044
855.8	0.00000041
856	0.00000038
856.2	0.00000041
856.4	0.00000060
856.6	0.00000087
856.8	0.00000127
857	0.00000185
857.2	0.00000269
857.4	0.00000391
857.6	0.00000568
857.8	0.00000826
858	0.00001201
858.2	0.00001534
858.4	0.00001676
858.6	0.00001832
858.8	0.00002002
859	0.00002188
859.2	0.00002392
859.4	0.00002614
859.6	0.00002857
859.8	0.00003123
860	0.00003413
860.2	0.00003707
860.4	0.00004008
860.6	0.00004334
860.8	0.00004686
861	0.00005067
861.2	0.00005479
861.4	0.00005924
861.6	0.00006406
861.8	0.00006927
862	0.00007490
862.2	0.00007912
862.4	0.00008292
862.6	0.00008691
862.8	0.00009108
863	0.00009545
863.2	0.00010004
863.4	0.00010484
863.6	0.00010988
863.8	0.00011515
864	0.00012068
864.2	0.00011508
864.4	0.00010847
864.6	0.00010223
864.8	0.00009636
865	0.00009082
865.2	0.00008560
865.4	0.00008068
865.6	0.00007605
865.8	0.00007168
866	0.00006756
866.2	0.00006562
866.4	0.00006807
866.6	0.00007060
866.8	0.00007323
867	0.00007596
867.2	0.00007879
867.4	0.00008172
867.6	0.00008476
867.8	0.00008792
868	0.00009120
868.2	0.00009265
868.4	0.00009190
868.6	0.00009116
868.8	0.00009042
869	0.00008969
869.2	0.00008897
869.4	0.00008825
869.6	0.00008754
869.8	0.00008683
870	0.00008613
870.2	0.00008399
870.4	0.00008103
870.6	0.00007818
870.8	0.00007542
871	0.00007277
871.2	0.00007020
871.4	0.00006773
871.6	0.00006535
871.8	0.00006304
872	0.00006082
872.2	0.00005631
872.4	0.00005149
872.6	0.00004707
872.8	0.00004303
873	0.00003934
873.2	0.00003597
873.4	0.00003288
873.6	0.00003006
873.8	0.00002749
874	0.00002513
874.2	0.00002429
874.4	0.00002360
874.6	0.00002293
874.8	0.00002227
875	0.00002164
875.2	0.00002102
875.4	0.00002042
875.6	0.00001984
875.8	0.00001927
876	0.00001872
876.2	0.00001789
876.4	0.00001646
876.6	0.00001513
876.8	0.00001392
877	0.00001280
877.2	0.00001177
877.4	0.00001083
877.6	0.00000996
877.8	0.00000916
878	0.00000842
878.2	0.00000787
878.4	0.00000749
878.6	0.00000713
878.8	0.00000679
879	0.00000647
879.2	0.00000616
879.4	0.00000586
879.6	0.00000558
879.8	0.00000531
880	0.00000506
880.2	0.00000480
880.4	0.00000456
880.6	0.00000432
880.8	0.00000410
881	0.00000388
881.2	0.00000368
881.4	0.00000349
881.6	0.00000331
881.8	0.00000314
882	0.00000298
882.2	0.00000356
882.4	0.00000455
882.6	0.00000583
882.8	0.00000747
883	0.00000956
883.2	0.00001224
883.4	0.00001568
883.6	0.00002007
883.8	0.00002570
884	0.00003291
884.2	0.00003755
884.4	0.00004246
884.6	0.00004802
884.8	0.00005431
885	0.00006142
885.2	0.00006946
885.4	0.00007856
885.6	0.00008884
885.8	0.00010047
886	0.00011362
886.2	0.00011860
886.4	0.00010356
886.6	0.00009042
886.8	0.00007895
887	0.00006894
887.2	0.00006019
887.4	0.00005256
887.6	0.00004589
887.8	0.00004007
888	0.00003499
888.2	0.00002840
888.4	0.00002123
888.6	0.00001587
888.8	0.00001186
889	0.00000887
889.2	0.00000663
889.4	0.00000496
889.6	0.00000371
889.8	0.00000277
890	0.00000207
890.2	0.00000166
890.4	0.00000138
890.6	0.00000115
890.8	0.00000096
891	0.00000080
891.2	0.00000066
891.4	0.00000055
891.6	0.00000046
891.8	0.00000038
892	0.00000032
892.2	0.00000031
892.4	0.00000031
892.6	0.00000031
892.8	0.00000031
893	0.00000031
893.2	0.00000031
893.4	0.00000031
893.6	0.00000031
893.8	0.00000031
894	0.00000031
894.2	0.00000030
894.4	0.00000030
894.6	0.00000030
894.8	0.00000030
895	0.00000030
895.2	0.00000030
895.4	0.00000030
895.6	0.00000030
895.8	0.00000030
896	0.00000030
896.2	0.00000032
896.4	0.00000039
896.6	0.00000047
896.8	0.00000057
897	0.00000070
897.2	0.00000085
897.4	0.00000103
897.6	0.00000126
897.8	0.00000153
898	0.00000187
898.2	0.00000191
898.4	0.00000156
898.6	0.00000128
898.8	0.00000105
899	0.00000086
899.2	0.00000071
899.4	0.00000058
899.6	0.00000048
899.8	0.00000039
900	0.00000032
900.2	0.00000030
900.4	0.00000030
900.6	0.00000030
900.8	0.00000030
901	0.00000030
901.2	0.00000030
901.4	0.00000030
901.6	0.00000030
901.8	0.00000030
902	0.00000030
902.2	0.00000030
902.4	0.00000030
902.6	0.00000030
902.8	0.00000030
903	0.00000030
903.2	0.00000030
903.4	0.00000030
903.6	0.00000030
903.8	0.00000030
904	0.00000030
904.2	0.00000040
904.4	0.00000054
904.6	0.00000073
904.8	0.00000099
905	0.00000134
905.2	0.00000181
905.4	0.00000246
905.6	0.00000333
905.8	0.00000452
906	0.00000613
906.2	0.00000794
906.4	0.00000907
906.6	0.00001036
906.8	0.00001183
907	0.00001350
907.2	0.00001542
907.4	0.00001761
907.6	0.00002010
907.8	0.00002296
908	0.00002621
908.2	0.00002960
908.4	0.00003295
908.6	0.00003667
908.8	0.00004081
909	0.00004542
909.2	0.00005056
909.4	0.00005627
909.6	0.00006263
909.8	0.00006970
910	0.00007758
910.2	0.00008076
910.4	0.00008055
910.6	0.00008035
910.8	0.00008014
911	0.00007994
911.2	0.00007973
911.4	0.00007953
911.6	0.00007933
911.8	0.00007913
912	0.00007892
912.2	0.00007509
912.4	0.00007054
912.6	0.00006627
912.8	0.00006226
913	0.00005849
913.2	0.00005495
913.4	0.00005162
913.6	0.00004849
913.8	0.00004556
914	0.00004280
914.2	0.00004190
914.4	0.00004108
914.6	0.00004027
914.8	0.00003947
915	0.00003870
915.2	0.00003793
915.4	0.00003719
915.6	0.00003645
915.8	0.00003573
916	0.00003503
916.2	0.00003490
916.4	0.00003656
916.6	0.00003829
916.8	0.00004010
917	0.00004200
917.2	0.00004399
917.4	0.00004608
917.6	0.00004826
917.8	0.00005055
918	0.00005295
918.2	0.00005509
918.4	0.00005684
918.6	0.00005863
918.8	0.00006049
919	0.00006240
919.2	0.00006437
919.4	0.00006641
919.6	0.00006850
919.8	0.00007067
920	0.00007290
920.2	0.00007551
920.4	0.00007841
920.6	0.00008143
920.8	0.00008456
921	0.00008781
921.2	0.00009118
921.4	0.00009469
921.6	0.00009833
921.8	0.00010211
922	0.00010603
922.2	0.00010363
922.4	0.00009976
922.6	0.00009603
922.8	0.00009244
923	0.00008899
923.2	0.00008566
923.4	0.00008246
923.6	0.00007938
923.8	0.00007641
924	0.00007356
924.2	0.00006935
924.4	0.00006538
924.6	0.00006163
924.8	0.00005810
925	0.00005477
925.2	0.00005163
925.4	0.00004867
925.6	0.00004588
925.8	0.00004325
926	0.00004077
926.2	0.00003870
926.4	0.00003754
926.6	0.00003642
926.8	0.00003534
927	0.00003428
927.2	0.00003326
927.4	0.00003227
927.6	0.00003130
927.8	0.00003037
928	0.00002946
928.2	0.00002927
928.4	0.00003001
928.6	0.00003077
928.8	0.00003155
929	0.00003235
929.2	0.00003317
929.4	0.00003401
929.6	0.00003487
929.8	0.00003576
930	0.00003666
930.2	0.00003728
930.4	0.00003771
930.6	0.00003814
930.8	0.00003858
931	0.00003903
931.2	0.00003948
931.4	0.00003993
931.6	0.00004039
931.8	0.00004086
932	0.00004133
932.2	0.00004354
932.4	0.00004630
932.6	0.00004924
932.8	0.00005236
933	0.00005568
933.2	0.00005920
933.4	0.00006295
933.6	0.00006694
933.8	0.00007119
934	0.00007568
934.2	0.00007920
934.4	0.00008289
934.6	0.00008674
934.8	0.00009078
935	0.00009500
935.2	0.00009942
935.4	0.00010404
935.6	0.00010888
935.8	0.00011394
936	0.00011924
936.2	0.00012262
936.4	0.00011949
936.6	0.00011643
936.8	0.00011345
937	0.00011055
937.2	0.00010772
937.4	0.00010497
937.6	0.00010229
937.8	0.00009967
938	0.00009712
938.2	0.00009328
938.4	0.00008797
938.6	0.00008295
938.8	0.00007822
939	0.00007377
939.2	0.00006956
939.4	0.00006560
939.6	0.00006186
939.8	0.00005833
940	0.00005501
940.2	0.00005139
940.4	0.00004776
940.6	0.00004438
940.8	0.00004124
941	0.00003833
941.2	0.00003562
941.4	0.00003310
941.6	0.00003076
941.8	0.00002859
942	0.00002657
942.2	0.00002689
942.4	0.00002766
942.6	0.00002845
942.8	0.00002927
943	0.00003011
943.2	0.00003098
943.4	0.00003187
943.6	0.00003278
943.8	0.00003372
944	0.00003464
944.2	0.00003448
944.4	0.00003432
944.6	0.00003416
944.8	0.00003400
945	0.00003385
945.2	0.00003369
945.4	0.00003353
945.6	0.00003338
945.8	0.00003322
946	0.00003307
946.2	0.00003310
946.4	0.00003380
946.6	0.00003451
946.8	0.00003524
947	0.00003598
947.2	0.00003674
947.4	0.00003751
947.6	0.00003831
947.8	0.00003911
948	0.00003994
948.2	0.00004058
948.4	0.00004095
948.6	0.00004132
948.8	0.00004170
949	0.00004207
949.2	0.00004246
949.4	0.00004284
949.6	0.00004323
949.8	0.00004362
950	0.00004402
950.2	0.00004504
950.4	0.00004646
950.6	0.00004793
950.8	0.00004945
951	0.00005102
951.2	0.00005263
951.4	0.00005430
951.6	0.00005602
951.8	0.00005779
952	0.00005962
952.2	0.00006118
952.4	0.00006271
952.6	0.00006428
952.8	0.00006590
953	0.00006755
953.2	0.00006924
953.4	0.00007098
953.6	0.00007275
953.8	0.00007458
954	0.00007631
954.2	0.00007506
954.4	0.00007383
954.6	0.00007262
954.8	0.00007143
955	0.00007026
955.2	0.00006911
955.4	0.00006798
955.6	0.00006687
955.8	0.00006577
956	0.00006469
956.2	0.00006361
956.4	0.00006245
956.6	0.00006130
956.8	0.00006018
957	0.00005908
957.2	0.00005800
957.4	0.00005694
957.6	0.00005590
957.8	0.00005487
958	0.00005387
958.2	0.00005324
958.4	0.00005313
958.6	0.00005303
958.8	0.00005292
959	0.00005282
959.2	0.00005271
959.4	0.00005261
959.6	0.00005251
959.8	0.00005240
960	0.00005230
960.2	0.00005112
960.4	0.00004931
960.6	0.00004757
960.8	0.00004588
961	0.00004426
961.2	0.00004270
961.4	0.00004119
961.6	0.00003973
961.8	0.00003833
962	0.00003697
962.2	0.00003618
962.4	0.00003552
962.6	0.00003486
962.8	0.00003422
963	0.00003359
963.2	0.00003298
963.4	0.00003237
963.6	0.00003177
963.8	0.00003119
964	0.00003074
964.2	0.00003267
964.4	0.00003472
964.6	0.00003690
964.8	0.00003921
965	0.00004167
965.2	0.00004429
965.4	0.00004707
965.6	0.00005002
965.8	0.00005316
966	0.00005650
966.2	0.00005950
966.4	0.00006058
966.6	0.00006167
966.8	0.00006278
967	0.00006391
967.2	0.00006507
967.4	0.00006624
967.6	0.00006743
967.8	0.00006865
968	0.00006989
968.2	0.00007192
968.4	0.00007509
968.6	0.00007841
968.8	0.00008187
969	0.00008548
969.2	0.00008926
969.4	0.00009320
969.6	0.00009731
969.8	0.00010160
970	0.00010609
970.2	0.00010886
970.4	0.00011064
970.6	0.00011244
970.8	0.00011428
971	0.00011615
971.2	0.00011804
971.4	0.00011997
971.6	0.00012193
971.8	0.00012392
972	0.00012595
972.2	0.00012627
972.4	0.00012634
972.6	0.00012640
972.8	0.00012646
973	0.00012652
973.2	0.00012658
973.4	0.00012664
973.6	0.00012670
973.8	0.00012677
974	0.00012687
974.2	0.00012745
974.4	0.00012803
974.6	0.00012862
974.8	0.00012921
975	0.00012980
975.2	0.00013039
975.4	0.00013098
975.6	0.00013158
975.8	0.00013218
976	0.00013279
976.2	0.00013283
976.4	0.00012998
976.6	0.00012719
976.8	0.00012446
977	0.00012179
977.2	0.00011917
977.4	0.00011662
977.6	0.00011411
977.8	0.00011166
978	0.00010926
978.2	0.00010771
978.4	0.00010742
978.6	0.00010714
978.8	0.00010686
979	0.00010658
979.2	0.00010630
979.4	0.00010602
979.6	0.00010574
979.8	0.00010547
980	0.00010519
980.2	0.00010534
980.4	0.00010577
980.6	0.00010619
980.8	0.00010662
981	0.00010705
981.2	0.00010749
981.4	0.00010792
981.6	0.00010836
981.8	0.00010880
982	0.00010924
982.2	0.00010921
982.4	0.00010910
982.6	0.00010898
982.8	0.00010887
983	0.00010876
983.2	0.00010864
983.4	0.00010853
983.6	0.00010842
983.8	0.00010831
984	0.00010821
984.2	0.00010832
984.4	0.00010843
984.6	0.00010855
984.8	0.00010866
985	0.00010877
985.2	0.00010889
985.4	0.00010900
985.6	0.00010911
985.8	0.00010923
986	0.00010934
986.2	0.00010929
986.4	0.00010851
986.6	0.00010774
986.8	0.00010697
987	0.00010620
987.2	0.00010544
987.4	0.00010469
987.6	0.00010394
987.8	0.00010320
988	0.00010246
988.2	0.00010289
988.4	0.00010501
988.6	0.00010717
988.8	0.00010938
989	0.00011164
989.2	0.00011394
989.4	0.00011629
989.6	0.00011869
989.8	0.00012114
990	0.00012364
990.2	0.00012481
990.4	0.00012524
990.6	0.00012567
990.8	0.00012610
991	0.00012653
991.2	0.00012697
991.4	0.00012740
991.6	0.00012784
991.8	0.00012828
992	0.00012872
992.2	0.00013159
992.4	0.00013487
992.6	0.00013823
992.8	0.00014167
993	0.00014520
993.2	0.00014882
993.4	0.00015253
993.6	0.00015633
993.8	0.00016022
994	0.00016339
994.2	0.00016062
994.4	0.00015789
994.6	0.00015521
994.8	0.00015258
995	0.00014999
995.2	0.00014744
995.4	0.00014494
995.6	0.00014248
995.8	0.00014006
996	0.00013768
996.2	0.00013559
996.4	0.00013528
996.6	0.00013498
996.8	0.00013468
997	0.00013438
997.2	0.00013408
997.4	0.00013378
997.6	0.00013348
997.8	0.00013318
998	0.00013288
998.2	0.00013252
998.4	0.00013203
998.6	0.00013155
998.8	0.00013107
999	0.00013059
999.2	0.00013011
999.4	0.00012963
999.6	0.00012915
999.8	0.00012868
1000	0.00012821
1000.2	0.00012661
1000.4	0.00012429
1000.6	0.00012201
1000.8	0.00011978
1001	0.00011759
1001.2	0.00011543
1001.4	0.00011332
1001.6	0.00011125
1001.8	0.00010921
1002	0.00010721
1002.2	0.00010720
1002.4	0.00010757
1002.6	0.00010794
1002.8	0.00010831
1003	0.00010869
1003.2	0.00010906
1003.4	0.00010944
1003.6	0.00010981
1003.8	0.00011019
1004	0.00010995
1004.2	0.00010370
1004.4	0.00009781
1004.6	0.00009225
1004.8	0.00008700
1005	0.00008206
1005.2	0.00007739
1005.4	0.00007299
1005.6	0.00006884
1005.8	0.00006493
1006	0.00006124
1006.2	0.00005775
1006.4	0.00005447
1006.6	0.00005226
1006.8	0.00005057
1007	0.00004893
1007.2	0.00004734
1007.4	0.00004581
1007.6	0.00004433
1007.8	0.00004289
1008	0.00004150
1008.2	0.00004015
1008.4	0.00003885
1008.6	0.00004322
1008.8	0.00004887
1009	0.00005527
1009.2	0.00006250
1009.4	0.00007067
1009.6	0.00007992
1009.8	0.00009037
1010	0.00010219
1010.2	0.00011556
1010.4	0.00012928
1010.6	0.00013418
1010.8	0.00013926
1011	0.00014453
1011.2	0.00015000
1011.4	0.00015568
1011.6	0.00016157
1011.8	0.00016769
1012	0.00017403
1012.2	0.00018062
1012.4	0.00018954
1012.6	0.00020283
1012.8	0.00021705
1013	0.00023227
1013.2	0.00024855
1013.4	0.00026598
1013.6	0.00028463
1013.8	0.00030459
1014	0.00032594
1014.2	0.00034880
1014.4	0.00036904
1014.6	0.00038746
1014.8	0.00040679
1015	0.00042709
1015.2	0.00044841
1015.4	0.00047078
1015.6	0.00049427
1015.8	0.00051894
1016	0.00054483
1016.2	0.00057202
1016.4	0.00059174
1016.6	0.00061034
1016.8	0.00062954
1017	0.00064933
1017.2	0.00066975
1017.4	0.00069081
1017.6	0.00071254
1017.8	0.00073495
1018	0.00075806
1018.2	0.00077967
1018.4	0.00077426
1018.6	0.00076889
1018.8	0.00076356
1019	0.00075826
1019.2	0.00075300
1019.4	0.00074777
1019.6	0.00074258
1019.8	0.00073743
1020	0.00073231
1020.2	0.00072543
1020.4	0.00071483
1020.6	0.00070439
1020.8	0.00069410
1021	0.00068396
1021.2	0.00067397
1021.4	0.00066412
1021.6	0.00065442
1021.8	0.00064486
1022	0.00063544
1022.2	0.00062894
1022.4	0.00062463
1022.6	0.00062036
1022.8	0.00061611
1023	0.00061190
1023.2	0.00060771
1023.4	0.00060355
1023.6	0.00059942
1023.8	0.00059532
1024	0.00059124
1024.2	0.00058079
1024.4	0.00056909
1024.6	0.00055764
1024.8	0.00054641
1025	0.00053541
1025.2	0.00055227
1025.4	0.00056966
1025.6	0.00058760
1025.8	0.00059903
1026	0.00060731
1026.2	0.00061570
1026.4	0.00062421
1026.6	0.00063284
1026.8	0.00064159
1027	0.00065046
1027.2	0.00065945
1027.4	0.00066856
1027.6	0.00067780
1027.8	0.00069831
1028	0.00072045
1028.2	0.00074330
1028.4	0.00076686
1028.6	0.00079117
1028.8	0.00081626
1029	0.00084214
1029.2	0.00086884
1029.4	0.00089638
1029.6	0.00092639
1029.8	0.00096606
1030	0.00100740
1030.2	0.00105060
1030.4	0.00109550
1030.6	0.00114250
1030.8	0.00119140
1031	0.00124240
1031.2	0.00129560
1031.4	0.00135110
1031.6	0.00141290
1031.8	0.00148390
1032	0.00155850
1032.2	0.00163680
1032.4	0.00171900
1032.6	0.00180540
1032.8	0.00189610
1033	0.00199130
1033.2	0.00209140
1033.4	0.00219640
1033.6	0.00230320
1033.8	0.00241320
1034	0.00252850
1034.2	0.00264920
1034.4	0.00277580
1034.6	0.00290830
1034.8	0.00304720
1035	0.00319280
1035.2	0.00334520
1035.4	0.00350500
1035.6	0.00358050
1035.8	0.00364670
1036	0.00371410
1036.2	0.00378280
1036.4	0.00385280
1036.6	0.00392400
1036.8	0.00399660
1037	0.00407050
1037.2	0.00414580
1037.4	0.00420820
1037.6	0.00418720
1037.8	0.00416640
1038	0.00414570
1038.2	0.00412500
1038.4	0.00410450
1038.6	0.00408410
1038.8	0.00406380
1039	0.00404350
1039.2	0.00402340
1039.4	0.00398640
1039.6	0.00392440
1039.8	0.00386340
1040	0.00380340
1040.2	0.00374430
1040.4	0.00368620
1040.6	0.00362890
1040.8	0.00357250
1041	0.00351700
1041.2	0.00346240
1041.4	0.00341810
1041.6	0.00337920
1041.8	0.00334080
1042	0.00330280
1042.2	0.00326520
1042.4	0.00322810
1042.6	0.00319140
1042.8	0.00315510
1043	0.00311920
1043.2	0.00308370
1043.4	0.00303840
1043.6	0.00299280
1043.8	0.00294790
1044	0.00290360
1044.2	0.00286000
1044.4	0.00281710
1044.6	0.00277480
1044.8	0.00273310
1045	0.00269210
1045.2	0.00276740
1045.4	0.00284490
1045.6	0.00292450
1045.8	0.00298210
1046	0.00300900
1046.2	0.00303610
1046.4	0.00306340
1046.6	0.00309100
1046.8	0.00311890
1047	0.00314700
1047.2	0.00317530
1047.4	0.00320390
1047.6	0.00323280
1047.8	0.00327450
1048	0.00332260
1048.2	0.00337140
1048.4	0.00342100
1048.6	0.00347130
1048.8	0.00352230
1049	0.00357400
1049.2	0.00362660
1049.4	0.00367990
1049.6	0.00373400
1049.8	0.00380280
1050	0.00387380
1050.2	0.00394610
1050.4	0.00401980
1050.6	0.00409490
1050.8	0.00417140
1051	0.00424930
1051.2	0.00432860
1051.4	0.00440940
1051.6	0.00449470
1051.8	0.00459420
1052	0.00469590
1052.2	0.00479980
1052.4	0.00490600
1052.6	0.00501450
1052.8	0.00512550
1053	0.00523890
1053.2	0.00535480
1053.4	0.00547330
1053.6	0.00560820
1053.8	0.00576340
1054	0.00592290
1054.2	0.00608680
1054.4	0.00625530
1054.6	0.00642840
1054.8	0.00660630
1055	0.00678910
1055.2	0.00697700
1055.4	0.00717010
1055.6	0.00739230
1055.8	0.00763100
1056	0.00787730
1056.2	0.00813160
1056.4	0.00839410
1056.6	0.00866510
1056.8	0.00894490
1057	0.00923360
1057.2	0.00953170
1057.4	0.00983940
1057.6	0.01018100
1057.8	0.01053500
1058	0.01090100
1058.2	0.01128000
1058.4	0.01167200
1058.6	0.01207800
1058.8	0.01249700
1059	0.01293200
1059.2	0.01338100
1059.4	0.01385500
1059.6	0.01437300
1059.8	0.01491100
1060	0.01546900
1060.2	0.01604700
1060.4	0.01664700
1060.6	0.01727000
1060.8	0.01791500
1061	0.01858500
1061.2	0.01928000
1061.4	0.01997600
1061.6	0.02067200
1061.8	0.02139300
1062	0.02213900
1062.2	0.02291100
1062.4	0.02370900
1062.6	0.02453600
1062.8	0.02539100
1063	0.02627700
1063.2	0.02719300
1063.4	0.02762800
1063.6	0.02794100
1063.8	0.02825800
1064	0.02857800
1064.2	0.02890200
1064.4	0.02923000
1064.6	0.02956100
1064.8	0.02989600
1065	0.03023500
1065.2	0.03139600
1065.4	0.03260200
1065.6	0.03385400
1065.8	0.03494700
1066	0.03501600
1066.2	0.03508500
1066.4	0.03515500
1066.6	0.03522400
1066.8	0.03529400
1067	0.03536300
1067.2	0.03543300
1067.4	0.03550300
1067.6	0.03557300
1067.8	0.03548200
1068	0.03517800
1068.2	0.03487800
1068.4	0.03457900
1068.6	0.03428400
1068.8	0.03399100
1069	0.03370000
1069.2	0.03341200
1069.4	0.03312600
1069.6	0.03284300
1069.8	0.03257100
1070	0.03230400
1070.2	0.03204000
1070.4	0.03177800
1070.6	0.03151800
1070.8	0.03126000
1071	0.03100400
1071.2	0.03075000
1071.4	0.03049900
1071.6	0.03024900
1071.8	0.03015300
1072	0.03006200
1072.2	0.02997000
1072.4	0.02987900
1072.6	0.02978800
1072.8	0.02969800
1073	0.02960700
1073.2	0.02951700
1073.4	0.02942800
1073.6	0.02940600
1073.8	0.02959700
1074	0.02978800
1074.2	0.02998100
1074.4	0.03017500
1074.6	0.03037000
1074.8	0.03056700
1075	0.03076400
1075.2	0.03096300
1075.4	0.03116400
1075.6	0.03146300
1075.8	0.03185600
1076	0.03225300
1076.2	0.03265500
1076.4	0.03306200
1076.6	0.03347400
1076.8	0.03389100
1077	0.03431400
1077.2	0.03474200
1077.4	0.03517500
1077.6	0.03564700
1077.8	0.03613400
1078	0.03662800
1078.2	0.03712800
1078.4	0.03763500
1078.6	0.03815000
1078.8	0.03867100
1079	0.03919900
1079.2	0.03973500
1079.4	0.04027400
1079.6	0.04078900
1079.8	0.04131000
1080	0.04183800
1080.2	0.04237300
1080.4	0.04291400
1080.6	0.04346300
1080.8	0.04401800
1081	0.04458100
1081.2	0.04515000
1081.4	0.04561900
1081.6	0.04591000
1081.8	0.04620300
1082	0.04649800
1082.2	0.04679400
1082.4	0.04709300
1082.6	0.04739300
1082.8	0.04769600
1083	0.04800000
1083.2	0.04830600
1083.4	0.04849700
1083.6	0.04862800
1083.8	0.04876000
1084	0.04889300
1084.2	0.04902600
1084.4	0.04915900
1084.6	0.04929200
1084.8	0.04942600
1085	0.04956100
1085.2	0.04969500
1085.4	0.04984200
1085.6	0.04998900
1085.8	0.05013700
1086	0.05028600
1086.2	0.05043500
1086.4	0.05058400
1086.6	0.05073400
1086.8	0.05088400
1087	0.05103500
1087.2	0.05124400
1087.4	0.05162600
1087.6	0.05201100
1087.8	0.05239900
1088	0.05279000
1088.2	0.05318300
1088.4	0.05358000
1088.6	0.05398000
1088.8	0.05438300
1089	0.05478800
1089.2	0.05524900
1089.4	0.05575600
1089.6	0.05626800
1089.8	0.05678500
1090	0.05730700
1090.2	0.05600300
1090.4	0.05741500
1090.6	0.05886200
1090.8	0.06034600
1091	0.06158700
1091.2	0.06280300
1091.4	0.06404200
1091.6	0.06565500
1091.8	0.06753700
1092	0.06947400
1092.2	0.07125300
1092.4	0.07270800
1092.6	0.07419300
1092.8	0.07580300
1093	0.07807600
1093.2	0.08041700
1093.4	0.08282800
1093.6	0.08550000
1093.8	0.08828000
1094	0.09115100
1094.2	0.09435900
1094.4	0.09780900
1094.6	0.10100000
1094.8	0.10500000
1095	0.10900000
1095.2	0.11400000
1095.4	0.11800000
1095.6	0.12200000
1095.8	0.12700000
1096	0.13100000
1096.2	0.13600000
1096.4	0.14200000
1096.6	0.14700000
1096.8	0.15300000
1097	0.16000000
1097.2	0.16700000
1097.4	0.17300000
1097.6	0.17800000
1097.8	0.18300000
1098	0.18800000
1098.2	0.19500000
1098.4	0.20200000
1098.6	0.20900000
1098.8	0.21200000
1099	0.21500000
1099.2	0.21800000
1099.4	0.22200000
1099.6	0.22700000
1099.8	0.23100000
1100	0.23400000
1100.2	0.23500000
1100.4	0.23700000
1100.6	0.23800000
1100.8	0.23700000
1101	0.23500000
1101.2	0.23400000
1101.4	0.23300000
1101.6	0.23100000
1101.8	0.23000000
1102	0.22700000
1102.2	0.22500000
1102.4	0.22200000
1102.6	0.22000000
1102.8	0.21700000
1103	0.21500000
1103.2	0.21200000
1103.4	0.20900000
1103.6	0.20600000
1103.8	0.20300000
1104	0.20100000
1104.2	0.19800000
1104.4	0.19600000
1104.6	0.19300000
1104.8	0.19100000
1105	0.18800000
1105.2	0.18700000
1105.4	0.18500000
1105.6	0.18400000
1105.8	0.18300000
1106	0.18100000
1106.2	0.17900000
1106.4	0.17800000
1106.6	0.17900000
1106.8	0.18100000
1107	0.18200000
1107.2	0.18200000
1107.4	0.18200000
1107.6	0.18200000
1107.8	0.18400000
1108	0.18600000
1108.2	0.18900000
1108.4	0.19100000
1108.6	0.19400000
1108.8	0.19600000
1109	0.19800000
1109.2	0.19900000
1109.4	0.20000000
1109.6	0.20100000
1109.8	0.20700000
1110	0.21400000
1110.2	0.22000000
1110.4	0.22700000
1110.6	0.23500000
1110.8	0.24300000
1111	0.25000000
1111.2	0.25700000
1111.4	0.26500000
1111.6	0.27300000
1111.8	0.28500000
1112	0.29600000
1112.2	0.30800000
1112.4	0.32000000
1112.6	0.33200000
1112.8	0.34500000
1113	0.36200000
1113.2	0.38200000
1113.4	0.40200000
1113.6	0.42300000
1113.8	0.44400000
1114	0.46700000
1114.2	0.49200000
1114.4	0.52100000
1114.6	0.55100000
1114.8	0.58400000
1115	0.62300000
1115.2	0.66500000
1115.4	0.70900000
1115.6	0.75300000
1115.8	0.79900000
1116	0.84900000
1116.2	0.90500000
1116.4	0.96600000
1116.6	1.03100000
1116.8	1.09700000
1117	1.16500000
1117.2	1.23700000
1117.4	1.30800000
1117.6	1.37300000
1117.8	1.44000000
1118	1.51000000
1118.2	1.56700000
1118.4	1.62700000
1118.6	1.69000000
1118.8	1.71400000
1119	1.73200000
1119.2	1.75000000
1119.4	1.74500000
1119.6	1.72800000
1119.8	1.71100000
1120	1.68900000
1120.2	1.66100000
1120.4	1.63300000
1120.6	1.59800000
1120.8	1.52700000
1121	1.46000000
1121.2	1.41000000
1121.4	1.36100000
1121.6	1.31400000
1121.8	1.26800000
1122	1.22400000
1122.2	1.18200000
1122.4	1.14200000
1122.6	1.10300000
1122.8	1.06500000
1123	1.02800000
1123.2	1.00100000
1123.4	0.97400000
1123.6	0.94800000
1123.8	0.92200000
1124	0.89800000
1124.2	0.88100000
1124.4	0.86500000
1124.6	0.84800000
1124.8	0.83200000
1125	0.81700000
1125.2	0.80900000
1125.4	0.80200000
1125.6	0.79400000
1125.8	0.78600000
1126	0.77900000
1126.2	0.77800000
1126.4	0.77700000
1126.6	0.77600000
1126.8	0.77500000
1127	0.77500000
1127.2	0.78200000
1127.4	0.79000000
1127.6	0.79700000
1127.8	0.80500000
1128	0.81300000
1128.2	0.82900000
1128.4	0.84400000
1128.6	0.86000000
1128.8	0.87700000
1129	0.89300000
1129.2	0.91700000
1129.4	0.94200000
1129.6	0.96700000
1129.8	0.99300000
1130	1.02000000
1130.2	1.05800000
1130.4	1.09800000
1130.6	1.14000000
1130.8	1.18300000
1131	1.22800000
1131.2	1.29000000
1131.4	1.35400000
1131.6	1.42100000
1131.8	1.49200000
1132	1.56700000
1132.2	1.66100000
1132.4	1.76100000
1132.6	1.86700000
1132.8	1.98000000
1133	2.10000000
1133.2	2.25400000
1133.4	2.42000000
1133.6	2.59700000
1133.8	2.78800000
1134	2.99400000
1134.2	3.23900000
1134.4	3.50500000
1134.6	3.79300000
1134.8	4.10500000
1135	4.44100000
1135.2	4.78400000
1135.4	5.15400000
1135.6	5.55200000
1135.8	5.98100000
1136	6.44100000
1136.2	6.75800000
1136.4	7.09100000
1136.6	7.44000000
1136.8	7.80600000
1137	8.17100000
1137.2	8.13700000
1137.4	8.10400000
1137.6	8.07100000
1137.8	8.03700000
1138	7.99300000
1138.2	7.64000000
1138.4	7.30300000
1138.6	6.98100000
1138.8	6.67200000
1139	6.37600000
1139.2	6.02100000
1139.4	5.68600000
1139.6	5.37000000
1139.8	5.07100000
1140	4.78900000
1140.2	4.53500000
1140.4	4.29400000
1140.6	4.06600000
1140.8	3.85100000
1141	3.64800000
1141.2	3.49400000
1141.4	3.34700000
1141.6	3.20500000
1141.8	3.07000000
1142	2.94100000
1142.2	2.84200000
1142.4	2.74600000
1142.6	2.65300000
1142.8	2.56300000
1143	2.47700000
1143.2	2.42200000
1143.4	2.36800000
1143.6	2.31500000
1143.8	2.26300000
1144	2.21300000
1144.2	2.18300000
1144.4	2.15400000
1144.6	2.12600000
1144.8	2.09700000
1145	2.07000000
1145.2	2.05900000
1145.4	2.04800000
1145.6	2.03700000
1145.8	2.02600000
1146	2.01600000
1146.2	2.02100000
1146.4	2.02600000
1146.6	2.03100000
1146.8	2.03600000
1147	2.04100000
1147.2	2.05900000
1147.4	2.07700000
1147.6	2.09500000
1147.8	2.11400000
1148	2.13300000
1148.2	2.17100000
1148.4	2.21000000
1148.6	2.25000000
1148.8	2.29000000
1149	2.33200000
1149.2	2.38700000
1149.4	2.44400000
1149.6	2.50100000
1149.8	2.56100000
1150	2.62200000
1150.2	2.69800000
1150.4	2.77600000
1150.6	2.85600000
1150.8	2.93900000
1151	3.02500000
1151.2	3.13500000
1151.4	3.24800000
1151.6	3.36600000
1151.8	3.48800000
1152	3.61500000
1152.2	3.76000000
1152.4	3.91100000
1152.6	4.06800000
1152.8	4.23100000
1153	4.40100000
1153.2	4.59100000
1153.4	4.78800000
1153.6	4.99500000
1153.8	5.21000000
1154	5.43500000
1154.2	5.66900000
1154.4	5.91300000
1154.6	6.16700000
1154.8	6.43300000
1155	6.71000000
1155.2	6.97200000
1155.4	7.24500000
1155.6	7.52900000
1155.8	7.82300000
1156	8.12800000
1156.2	8.36000000
1156.4	8.59800000
1156.6	8.84300000
1156.8	9.09500000
1157	9.35300000
1157.2	9.50700000
1157.4	9.66300000
1157.6	9.82200000
1157.8	9.98300000
1158	10.14500000
1158.2	10.19000000
1158.4	10.23400000
1158.6	10.27900000
1158.8	10.32300000
1159	10.36700000
1159.2	10.29300000
1159.4	10.21900000
1159.6	10.14600000
1159.8	10.07400000
1160	10.00100000
1160.2	9.87700000
1160.4	9.75400000
1160.6	9.63200000
1160.8	9.51200000
1161	9.39400000
1161.2	9.28600000
1161.4	9.17900000
1161.6	9.07300000
1161.8	8.96800000
1162	8.86500000
1162.2	8.76300000
1162.4	8.66300000
1162.6	8.56300000
1162.8	8.46500000
1163	8.36900000
1163.2	8.30500000
1163.4	8.24200000
1163.6	8.18000000
1163.8	8.11800000
1164	8.05800000
1164.2	8.04300000
1164.4	8.02700000
1164.6	8.01200000
1164.8	7.99600000
1165	7.98100000
1165.2	7.99300000
1165.4	8.00500000
1165.6	8.01600000
1165.8	8.02800000
1166	8.04100000
1166.2	8.10600000
1166.4	8.17100000
1166.6	8.23600000
1166.8	8.30200000
1167	8.37000000
1167.2	8.47300000
1167.4	8.57800000
1167.6	8.68400000
1167.8	8.79100000
1168	8.90100000
1168.2	9.06000000
1168.4	9.22100000
1168.6	9.38600000
1168.8	9.55300000
1169	9.72600000
1169.2	9.94300000
1169.4	10.16400000
1169.6	10.39100000
1169.8	10.62300000
1170	10.86000000
1170.2	11.15200000
1170.4	11.45300000
1170.6	11.76100000
1170.8	12.07800000
1171	12.40500000
1171.2	12.81600000
1171.4	13.24100000
1171.6	13.68000000
1171.8	14.13400000
1172	14.60300000
1172.2	15.09900000
1172.4	15.61100000
1172.6	16.14100000
1172.8	16.68800000
1173	17.25600000
1173.2	17.93800000
1173.4	18.64700000
1173.6	19.38400000
1173.8	20.15100000
1174	20.94800000
1174.2	21.80900000
1174.4	22.70500000
1174.6	23.63800000
1174.8	24.60900000
1175	25.62300000
1175.2	26.74400000
1175.4	27.91600000
1175.6	29.13800000
1175.8	30.41400000
1176	31.74500000
1176.2	33.10200000
1176.4	34.51700000
1176.6	35.99300000
1176.8	37.53100000
1177	39.13400000
1177.2	40.76000000
1177.4	42.45400000
1177.6	44.21700000
1177.8	46.05500000
1178	47.95700000
1178.2	49.70300000
1178.4	51.51200000
1178.6	53.38700000
1178.8	55.33000000
1179	57.34000000
1179.2	59.18500000
1179.4	61.09000000
1179.6	63.05500000
1179.8	65.08400000
1180	67.16400000
1180.2	68.84400000
1180.4	70.56500000
1180.6	72.33000000
1180.8	74.13800000
1181	75.98800000
1181.2	77.45900000
1181.4	78.95700000
1181.6	80.48500000
1181.8	82.04300000
1182	83.61400000
1182.2	84.67000000
1182.4	85.74000000
1182.6	86.82300000
1182.8	87.92000000
1183	89.02900000
1183.2	89.74200000
1183.4	90.46100000
1183.6	91.18600000
1183.8	91.91700000
1184	92.64000000
1184.2	92.94100000
1184.4	93.24300000
1184.6	93.54600000
1184.8	93.84900000
1185	94.15100000
1185.2	94.12600000
1185.4	94.10100000
1185.6	94.07600000
1185.8	94.05100000
1186	94.01800000
1186.2	93.72300000
1186.4	93.42800000
1186.6	93.13400000
1186.8	92.84200000
1187	92.54700000
1187.2	92.00500000
1187.4	91.46500000
1187.6	90.92900000
1187.8	90.39600000
1188	89.86000000
1188.2	89.15100000
1188.4	88.44800000
1188.6	87.75000000
1188.8	87.05800000
1189	86.37100000
1189.2	85.60300000
1189.4	84.84300000
1189.6	84.09000000
1189.8	83.34300000
1190	82.59800000
1190.2	81.68100000
1190.4	80.77400000
1190.6	79.87700000
1190.8	78.99100000
1191	78.11500000
1191.2	77.32800000
1191.4	76.54800000
1191.6	75.77700000
1191.8	75.01300000
1192	74.25400000
1192.2	73.43100000
1192.4	72.61600000
1192.6	71.81100000
1192.8	71.01400000
1193	70.22900000
1193.2	69.55000000
1193.4	68.87800000
1193.6	68.21200000
1193.8	67.55300000
1194	66.90400000
1194.2	66.34300000
1194.4	65.78700000
1194.6	65.23600000
1194.8	64.68900000
1195	64.14800000
1195.2	63.64600000
1195.4	63.14800000
1195.6	62.65300000
1195.8	62.16300000
1196	61.67900000
1196.2	61.37600000
1196.4	61.07500000
1196.6	60.77600000
1196.8	60.47800000
1197	60.18200000
1197.2	59.89200000
1197.4	59.60400000
1197.6	59.31700000
1197.8	59.03200000
1198	58.75100000
1198.2	58.59100000
1198.4	58.43200000
1198.6	58.27300000
1198.8	58.11500000
1199	57.95800000
1199.2	57.94100000
1199.4	57.92300000
1199.6	57.90600000
1199.8	57.88900000
1200	57.87200000
