Wavelength (nm)	% Transmission
270	0.00013369
270.2	0.00013191
270.4	0.00013015
270.6	0.00012842
270.8	0.00012671
271	0.00012502
271.2	0.00012336
271.4	0.00012171
271.6	0.00012009
271.8	0.00011849
272	0.00011691
272.2	0.00011536
272.4	0.00011618
272.6	0.00012509
272.8	0.00013469
273	0.00014502
273.2	0.00015614
273.4	0.00016812
273.6	0.00018101
273.8	0.00019490
274	0.00020985
274.2	0.00022595
274.4	0.00024328
274.6	0.00026194
274.8	0.00028203
275	0.00030367
275.2	0.00029018
275.4	0.00027730
275.6	0.00026363
275.8	0.00024889
276	0.00023498
276.2	0.00022185
276.4	0.00020946
276.6	0.00019775
276.8	0.00018670
277	0.00017627
277.2	0.00016642
277.4	0.00015712
277.6	0.00014834
277.8	0.00014005
278	0.00013222
278.2	0.00012483
278.4	0.00011786
278.6	0.00011366
278.8	0.00013015
279	0.00014903
279.2	0.00017066
279.4	0.00019542
279.6	0.00022377
279.8	0.00025624
280	0.00029342
280.2	0.00033599
280.4	0.00038474
280.6	0.00044056
280.8	0.00050448
281	0.00057768
281.2	0.00066150
281.4	0.00075747
281.6	0.00086738
281.8	0.00078060
282	0.00066020
282.2	0.00055837
282.4	0.00047224
282.6	0.00039940
282.8	0.00033780
283	0.00028569
283.2	0.00024163
283.4	0.00020436
283.6	0.00017284
283.8	0.00014618
284	0.00012363
284.2	0.00010456
284.4	0.00008843
284.6	0.00007479
284.8	0.00006812
285	0.00006701
285.2	0.00006591
285.4	0.00006484
285.6	0.00006378
285.8	0.00006274
286	0.00006172
286.2	0.00006071
286.4	0.00005972
286.6	0.00005874
286.8	0.00005779
287	0.00005684
287.2	0.00005592
287.4	0.00005500
287.6	0.00005411
287.8	0.00005523
288	0.00006637
288.2	0.00007975
288.4	0.00009584
288.6	0.00011516
288.8	0.00013839
289	0.00016630
289.2	0.00019983
289.4	0.00024013
289.6	0.00028856
289.8	0.00034675
290	0.00041667
290.2	0.00050070
290.4	0.00060167
290.6	0.00072301
290.8	0.00086881
291	0.00072660
291.2	0.00058105
291.4	0.00046465
291.6	0.00037157
291.8	0.00029713
292	0.00023761
292.2	0.00019001
292.4	0.00015195
292.6	0.00012151
292.8	0.00009717
293	0.00007770
293.2	0.00006214
293.4	0.00004969
293.6	0.00003974
293.8	0.00003178
294	0.00002747
294.2	0.00002502
294.4	0.00002278
294.6	0.00002075
294.8	0.00001889
295	0.00001721
295.2	0.00001698
295.4	0.00001676
295.6	0.00001654
295.8	0.00001633
296	0.00001611
296.2	0.00001590
296.4	0.00001570
296.6	0.00001549
296.8	0.00001529
297	0.00001509
297.2	0.00001509
297.4	0.00001754
297.6	0.00002039
297.8	0.00002371
298	0.00002756
298.2	0.00003203
298.4	0.00003724
298.6	0.00004328
298.8	0.00005031
299	0.00005849
299.2	0.00006799
299.4	0.00007903
299.6	0.00009186
299.8	0.00010679
300	0.00012413
300.2	0.00014429
300.4	0.00014860
300.6	0.00014819
300.8	0.00014779
301	0.00014738
301.2	0.00014698
301.4	0.00014657
301.6	0.00014617
301.8	0.00014577
302	0.00014537
302.2	0.00014497
302.4	0.00014457
302.6	0.00014417
302.8	0.00014377
303	0.00014338
303.2	0.00014298
303.4	0.00013343
303.6	0.00011665
303.8	0.00010199
304	0.00008917
304.2	0.00007796
304.4	0.00006816
304.6	0.00005960
304.8	0.00005211
305	0.00004556
305.2	0.00000949
305.4	0.00001082
305.6	0.00001233
305.8	0.00001406
306	0.00001603
306.2	0.00001827
306.4	0.00002083
306.6	0.00002375
306.8	0.00002707
307	0.00003087
307.2	0.00003519
307.4	0.00004012
307.6	0.00004574
307.8	0.00005215
308	0.00005945
308.2	0.00006573
308.4	0.00005740
308.6	0.00005012
308.8	0.00004377
309	0.00003822
309.2	0.00003337
309.4	0.00002914
309.6	0.00002545
309.8	0.00002222
310	0.00001941
310.2	0.00001695
310.4	0.00001480
310.6	0.00001292
310.8	0.00001128
311	0.00000985
311.2	0.00000860
311.4	0.00000931
311.6	0.00001067
311.8	0.00001223
312	0.00001401
312.2	0.00001606
312.4	0.00001840
312.6	0.00002109
312.8	0.00002417
313	0.00002770
313.2	0.00003174
313.4	0.00003637
313.6	0.00004168
313.8	0.00004777
314	0.00005474
314.2	0.00006273
314.4	0.00006290
314.6	0.00005427
314.8	0.00004682
315	0.00004039
315.2	0.00003484
315.4	0.00003006
315.6	0.00002593
315.8	0.00002237
316	0.00001930
316.2	0.00001665
316.4	0.00001437
316.6	0.00001239
316.8	0.00001069
317	0.00000922
317.2	0.00000796
317.4	0.00000702
317.6	0.00000699
317.8	0.00000696
318	0.00000694
318.2	0.00000691
318.4	0.00000688
318.6	0.00000685
318.8	0.00000683
319	0.00000680
319.2	0.00000677
319.4	0.00000675
319.6	0.00000672
319.8	0.00000669
320	0.00000667
320.2	0.00000664
320.4	0.00000661
320.6	0.00000660
320.8	0.00000659
321	0.00000658
321.2	0.00000658
321.4	0.00000657
321.6	0.00000656
321.8	0.00000655
322	0.00000654
322.2	0.00000653
322.4	0.00000652
322.6	0.00000651
322.8	0.00000651
323	0.00000650
323.2	0.00000649
323.4	0.00000648
323.6	0.00000702
323.8	0.00000814
324	0.00000944
324.2	0.00001096
324.4	0.00001271
324.6	0.00001475
324.8	0.00001711
325	0.00001985
325.2	0.00002303
325.4	0.00002672
325.6	0.00003100
325.8	0.00003596
326	0.00004172
326.2	0.00004841
326.4	0.00005616
326.6	0.00006027
326.8	0.00005053
327	0.00004237
327.2	0.00003552
327.4	0.00002979
327.6	0.00002497
327.8	0.00002094
328	0.00001756
328.2	0.00001472
328.4	0.00001234
328.6	0.00001035
328.8	0.00000868
329	0.00000728
329.2	0.00000610
329.4	0.00000511
329.6	0.00000429
329.8	0.00000421
330	0.00000417
330.2	0.00000412
330.4	0.00000408
330.6	0.00000404
330.8	0.00000400
331	0.00000396
331.2	0.00000392
331.4	0.00000388
331.6	0.00000384
331.8	0.00000380
332	0.00000376
332.2	0.00000372
332.4	0.00000368
332.6	0.00000365
332.8	0.00000361
333	0.00000358
333.2	0.00000355
333.4	0.00000352
333.6	0.00000348
333.8	0.00000345
334	0.00000342
334.2	0.00000339
334.4	0.00000336
334.6	0.00000333
334.8	0.00000330
335	0.00000327
335.2	0.00000324
335.4	0.00000321
335.6	0.00000319
335.8	0.00000316
336	0.00000312
336.2	0.00000309
336.4	0.00000306
336.6	0.00000303
336.8	0.00000300
337	0.00000297
337.2	0.00000294
337.4	0.00000291
337.6	0.00000288
337.8	0.00000285
338	0.00000282
338.2	0.00000279
338.4	0.00000277
338.6	0.00000274
338.8	0.00000271
339	0.00000268
339.2	0.00000266
339.4	0.00000263
339.6	0.00000261
339.8	0.00000258
340	0.00000256
340.2	0.00000254
340.4	0.00000251
340.6	0.00000249
340.8	0.00000247
341	0.00000244
341.2	0.00000242
341.4	0.00000240
341.6	0.00000237
341.8	0.00000235
342	0.00000234
342.2	0.00000232
342.4	0.00000231
342.6	0.00000229
342.8	0.00000228
343	0.00000226
343.2	0.00000225
343.4	0.00000223
343.6	0.00000222
343.8	0.00000220
344	0.00000219
344.2	0.00000218
344.4	0.00000216
344.6	0.00000215
344.8	0.00000213
345	0.00000226
345.2	0.00000250
345.4	0.00000278
345.6	0.00000308
345.8	0.00000342
346	0.00000380
346.2	0.00000421
346.4	0.00000467
346.6	0.00000519
346.8	0.00000576
347	0.00000639
347.2	0.00000709
347.4	0.00000787
347.6	0.00000873
347.8	0.00000969
348	0.00001046
348.2	0.00001059
348.4	0.00001072
348.6	0.00001086
348.8	0.00001100
349	0.00001113
349.2	0.00001128
349.4	0.00001142
349.6	0.00001156
349.8	0.00001171
350	0.00001186
350.2	0.00001201
350.4	0.00001216
350.6	0.00001231
350.8	0.00001247
351	0.00001255
351.2	0.00001114
351.4	0.00000988
351.6	0.00000877
351.8	0.00000778
352	0.00000691
352.2	0.00000613
352.4	0.00000544
352.6	0.00000483
352.8	0.00000428
353	0.00000380
353.2	0.00000337
353.4	0.00000299
353.6	0.00000266
353.8	0.00000236
354	0.00000209
354.2	0.00000236
354.4	0.00000283
354.6	0.00000340
354.8	0.00000409
355	0.00000491
355.2	0.00000589
355.4	0.00000708
355.6	0.00000850
355.8	0.00001021
356	0.00001226
356.2	0.00001472
356.4	0.00001768
356.6	0.00002123
356.8	0.00002549
357	0.00003062
357.2	0.00003015
357.4	0.00002515
357.6	0.00002098
357.8	0.00001750
358	0.00001460
358.2	0.00001218
358.4	0.00001016
358.6	0.00000848
358.8	0.00000707
359	0.00000590
359.2	0.00000492
359.4	0.00000411
359.6	0.00000343
359.8	0.00000286
360	0.00000238
360.2	0.00000211
360.4	0.00000215
360.6	0.00000220
360.8	0.00000224
361	0.00000228
361.2	0.00000232
361.4	0.00000237
361.6	0.00000241
361.8	0.00000246
362	0.00000251
362.2	0.00000255
362.4	0.00000260
362.6	0.00000265
362.8	0.00000270
363	0.00000275
363.2	0.00000282
363.4	0.00000302
363.6	0.00000325
363.8	0.00000349
364	0.00000374
364.2	0.00000402
364.4	0.00000431
364.6	0.00000463
364.8	0.00000497
365	0.00000533
365.2	0.00001071
365.4	0.00001122
365.6	0.00001083
365.8	0.00001139
366	0.00001100
366.2	0.00001062
366.4	0.00001079
366.6	0.00001123
366.8	0.00001101
367	0.00001016
367.2	0.00001067
367.4	0.00001012
367.6	0.00001092
367.8	0.00001112
368	0.00001098
368.2	0.00001010
368.4	0.00001011
368.6	0.00000994
368.8	0.00001101
369	0.00001044
369.2	0.00001074
369.4	0.00001063
369.6	0.00001116
369.8	0.00001056
370	0.00000983
370.2	0.00001067
370.4	0.00001030
370.6	0.00001059
370.8	0.00000970
371	0.00001017
371.2	0.00001086
371.4	0.00001089
371.6	0.00001029
371.8	0.00001111
372	0.00001094
372.2	0.00001123
372.4	0.00001112
372.6	0.00001027
372.8	0.00001034
373	0.00001065
373.2	0.00001087
373.4	0.00001125
373.6	0.00001049
373.8	0.00001057
374	0.00001000
374.2	0.00001033
374.4	0.00001043
374.6	0.00001027
374.8	0.00000993
375	0.00001037
375.2	0.00001014
375.4	0.00001076
375.6	0.00001038
375.8	0.00001093
376	0.00001049
376.2	0.00001075
376.4	0.00001132
376.6	0.00001129
376.8	0.00001099
377	0.00001126
377.2	0.00001129
377.4	0.00001101
377.6	0.00001100
377.8	0.00000994
378	0.00001154
378.2	0.00001084
378.4	0.00001172
378.6	0.00001150
378.8	0.00001119
379	0.00001081
379.2	0.00001164
379.4	0.00001114
379.6	0.00001144
379.8	0.00001080
380	0.00001200
380.2	0.00001096
380.4	0.00001100
380.6	0.00001053
380.8	0.00001130
381	0.00001140
381.2	0.00001088
381.4	0.00001087
381.6	0.00001096
381.8	0.00001012
382	0.00001075
382.2	0.00000997
382.4	0.00001095
382.6	0.00001025
382.8	0.00001103
383	0.00000997
383.2	0.00001009
383.4	0.00001066
383.6	0.00001092
383.8	0.00000946
384	0.00001047
384.2	0.00001087
384.4	0.00001059
384.6	0.00001047
384.8	0.00001038
385	0.00000968
385.2	0.00001001
385.4	0.00001007
385.6	0.00001020
385.8	0.00001019
386	0.00001025
386.2	0.00001067
386.4	0.00001007
386.6	0.00000974
386.8	0.00000982
387	0.00000943
387.2	0.00000995
387.4	0.00001025
387.6	0.00000986
387.8	0.00000995
388	0.00000947
388.2	0.00000961
388.4	0.00000955
388.6	0.00000993
388.8	0.00000958
389	0.00000956
389.2	0.00000984
389.4	0.00000963
389.6	0.00000976
389.8	0.00000978
390	0.00000990
390.2	0.00000954
390.4	0.00000954
390.6	0.00000970
390.8	0.00000988
391	0.00000964
391.2	0.00000967
391.4	0.00000997
391.6	0.00000972
391.8	0.00001039
392	0.00000999
392.2	0.00000963
392.4	0.00001017
392.6	0.00001035
392.8	0.00000994
393	0.00000982
393.2	0.00000987
393.4	0.00000969
393.6	0.00001034
393.8	0.00001071
394	0.00001047
394.2	0.00001046
394.4	0.00001055
394.6	0.00001062
394.8	0.00001026
395	0.00001101
395.2	0.00001069
395.4	0.00001109
395.6	0.00001065
395.8	0.00001067
396	0.00001144
396.2	0.00001135
396.4	0.00001126
396.6	0.00001124
396.8	0.00001142
397	0.00001106
397.2	0.00001145
397.4	0.00001122
397.6	0.00001168
397.8	0.00001173
398	0.00001156
398.2	0.00001215
398.4	0.00001172
398.6	0.00001156
398.8	0.00001148
399	0.00001160
399.2	0.00001175
399.4	0.00001191
399.6	0.00001203
399.8	0.00001193
400	0.00025913
400.2	0.00055922
400.4	0.00034508
400.6	0.00060940
400.8	0.00061439
401	0.00060119
401.2	0.00065333
401.4	0.00048286
401.6	0.00052417
401.8	0.00054586
402	0.00037149
402.2	0.00044706
402.4	0.00046522
402.6	0.00048778
402.8	0.00057074
403	0.00059471
403.2	0.00054497
403.4	0.00040669
403.6	0.00042580
403.8	0.00036873
404	0.00066353
404.2	0.00040775
404.4	0.00059206
404.6	0.00036233
404.8	0.00046254
405	0.00047818
405.2	0.00047164
405.4	0.00020673
405.6	0.00061073
405.8	0.00049121
406	0.00041660
406.2	0.00045714
406.4	0.00038830
406.6	0.00049025
406.8	0.00063050
407	0.00051659
407.2	0.00031640
407.4	0.00047838
407.6	0.00058360
407.8	0.00011727
408	0.00054800
408.2	0.00031269
408.4	0.00043379
408.6	0.00055891
408.8	0.00043163
409	0.00056520
409.2	0.00022653
409.4	0.00052648
409.6	0.00059955
409.8	0.00065091
410	0.00040731
410.2	0.00030720
410.4	0.00041293
410.6	0.00031516
410.8	0.00027290
411	0.00012174
411.2	0.00057962
411.4	0.00038201
411.6	0.00038976
411.8	0.00050729
412	0.00060956
412.2	0.00031618
412.4	0.00053427
412.6	0.00057626
412.8	0.00039208
413	0.00049857
413.2	0.00037206
413.4	0.00050775
413.6	0.00033123
413.8	0.00044843
414	0.00039150
414.2	0.00058174
414.4	0.00046464
414.6	0.00051838
414.8	0.00047076
415	0.00053488
415.2	0.00056741
415.4	0.00058457
415.6	0.00053538
415.8	0.00054452
416	0.00023394
416.2	0.00047757
416.4	0.00051126
416.6	0.00055677
416.8	0.00049803
417	0.00079283
417.2	0.00059783
417.4	0.00051206
417.6	0.00063944
417.8	0.00044440
418	0.00060367
418.2	0.00054131
418.4	0.00039916
418.6	0.00047690
418.8	0.00045693
419	0.00047996
419.2	0.00066735
419.4	0.00053963
419.6	0.00057017
419.8	0.00037332
420	0.00052238
420.2	0.00057099
420.4	0.00048340
420.6	0.00053497
420.8	0.00068321
421	0.00051861
421.2	0.00064936
421.4	0.00064289
421.6	0.00046514
421.8	0.00056083
422	0.00060753
422.2	0.00062307
422.4	0.00052850
422.6	0.00046126
422.8	0.00046281
423	0.00053392
423.2	0.00055381
423.4	0.00056159
423.6	0.00021872
423.8	0.00052014
424	0.00049465
424.2	0.00044646
424.4	0.00055219
424.6	0.00060902
424.8	0.00065054
425	0.00046571
425.2	0.00060740
425.4	0.00051448
425.6	0.00051794
425.8	0.00051276
426	0.00052020
426.2	0.00063438
426.4	0.00056273
426.6	0.00067895
426.8	0.00059667
427	0.00059629
427.2	0.00055018
427.4	0.00077408
427.6	0.00055187
427.8	0.00061161
428	0.00077150
428.2	0.00084374
428.4	0.00061811
428.6	0.00056795
428.8	0.00063153
429	0.00066091
429.2	0.00050556
429.4	0.00080668
429.6	0.00057779
429.8	0.00064458
430	0.00062983
430.2	0.00062730
430.4	0.00058868
430.6	0.00065743
430.8	0.00081061
431	0.00073815
431.2	0.00066289
431.4	0.00067667
431.6	0.00069193
431.8	0.00052592
432	0.00065429
432.2	0.00074778
432.4	0.00074301
432.6	0.00061557
432.8	0.00060712
433	0.00046062
433.2	0.00044393
433.4	0.00060513
433.6	0.00091307
433.8	0.00059672
434	0.00068298
434.2	0.00084890
434.4	0.00062813
434.6	0.00068590
434.8	0.00071239
435	0.00003458
435.2	0.00004297
435.4	0.00005503
435.6	0.00004551
435.8	0.00003310
436	0.00003074
436.2	0.00006527
436.4	0.00004051
436.6	0.00003261
436.8	0.00001538
437	0.00001443
437.2	0.00002686
437.4	0.00005749
437.6	0.00004892
437.8	0.00003488
438	0.00005847
438.2	0.00006309
438.4	0.00007010
438.6	0.00012869
438.8	0.00012023
439	0.00016578
439.2	0.00021017
439.4	0.00027159
439.6	0.00033395
439.8	0.00036439
440	0.00040440
440.2	0.00029630
440.4	0.00027061
440.6	0.00025391
440.8	0.00022790
441	0.00021083
441.2	0.00019478
441.4	0.00021428
441.6	0.00025241
441.8	0.00029780
442	0.00036575
442.2	0.00050425
442.4	0.00072888
442.6	0.00114410
442.8	0.00199950
443	0.00363340
443.2	0.00673350
443.4	0.01198600
443.6	0.01655000
443.8	0.01875800
444	0.01745800
444.2	0.01631900
444.4	0.01630500
444.6	0.01767800
444.8	0.02061400
445	0.02724800
445.2	0.03855000
445.4	0.05771800
445.6	0.09138600
445.8	0.16000000
446	0.29300000
446.2	0.58200000
446.4	1.15900000
446.6	2.07800000
446.8	3.24400000
447	4.35300000
447.2	5.46200000
447.4	6.91100000
447.6	9.18900000
447.8	12.72400000
448	17.91700000
448.2	25.53700000
448.4	35.63100000
448.6	47.67700000
448.8	60.26500000
449	71.30200000
449.2	78.41200000
449.4	81.85700000
449.6	82.61600000
449.8	82.62700000
450	83.23300000
450.2	84.70200000
450.4	86.90600000
450.6	89.07100000
450.8	90.75100000
451	91.73500000
451.2	92.06700000
451.4	92.26100000
451.6	92.54300000
451.8	92.92500000
452	93.47900000
452.2	94.08900000
452.4	94.40600000
452.6	94.78100000
452.8	94.86200000
453	94.85900000
453.2	94.93400000
453.4	94.97500000
453.6	95.10200000
453.8	95.12900000
454	95.07500000
454.2	95.11800000
454.4	95.19400000
454.6	95.27300000
454.8	95.36200000
455	95.27600000
455.2	95.25400000
455.4	94.88800000
455.6	94.53900000
455.8	93.96800000
456	93.52100000
456.2	93.21300000
456.4	93.09000000
456.6	93.27800000
456.8	93.64800000
457	94.11700000
457.2	94.61300000
457.4	95.09700000
457.6	95.35100000
457.8	95.36100000
458	95.07000000
458.2	94.55400000
458.4	93.99300000
458.6	93.43300000
458.8	92.90900000
459	92.48200000
459.2	92.29400000
459.4	92.22300000
459.6	92.39600000
459.8	92.69100000
460	93.05400000
460.2	93.40100000
460.4	93.75800000
460.6	93.87100000
460.8	93.92900000
461	93.86800000
461.2	93.79500000
461.4	93.84300000
461.6	93.96400000
461.8	94.14900000
462	94.51800000
462.2	94.90500000
462.4	95.05000000
462.6	95.30700000
462.8	95.29200000
463	95.27500000
463.2	95.20000000
463.4	95.03100000
463.6	94.96800000
463.8	94.85300000
464	94.77700000
464.2	94.65700000
464.4	94.52400000
464.6	94.33700000
464.8	93.98500000
465	93.60900000
465.2	93.20900000
465.4	93.03100000
465.6	93.03600000
465.8	93.12600000
466	93.43700000
466.2	93.81400000
466.4	94.21400000
466.6	94.56900000
466.8	94.84300000
467	95.02600000
467.2	95.04900000
467.4	95.05900000
467.6	95.01000000
467.8	94.86300000
468	94.59000000
468.2	94.28400000
468.4	93.79900000
468.6	93.38300000
468.8	92.92200000
469	92.50300000
469.2	92.16800000
469.4	92.04800000
469.6	91.98400000
469.8	91.99600000
470	92.10500000
470.2	92.22400000
470.4	92.12400000
470.6	92.07600000
470.8	91.92300000
471	91.79500000
471.2	91.80600000
471.4	91.97500000
471.6	92.29600000
471.8	92.75500000
472	93.20900000
472.2	93.65100000
472.4	93.89100000
472.6	93.95400000
472.8	93.80100000
473	93.44400000
473.2	93.02800000
473.4	92.63600000
473.6	92.41700000
473.8	92.26400000
474	92.30900000
474.2	92.53500000
474.4	92.72200000
474.6	93.01700000
474.8	93.29100000
475	93.55200000
475.2	93.74800000
475.4	93.90400000
475.6	94.00000000
475.8	94.17400000
476	94.27300000
476.2	94.33200000
476.4	94.37300000
476.6	94.23300000
476.8	94.13700000
477	94.00000000
477.2	93.81300000
477.4	93.78200000
477.6	93.71400000
477.8	93.75100000
478	93.85700000
478.2	93.97600000
478.4	94.09400000
478.6	94.25200000
478.8	94.38500000
479	94.45300000
479.2	94.56300000
479.4	94.65900000
479.6	94.63200000
479.8	94.67800000
480	94.59500000
480.2	94.66200000
480.4	94.67500000
480.6	94.73800000
480.8	94.80500000
481	95.05800000
481.2	95.09100000
481.4	95.08800000
481.6	94.77300000
481.8	94.27400000
482	93.52800000
482.2	92.52500000
482.4	91.79200000
482.6	91.34200000
482.8	91.28100000
483	91.46100000
483.2	91.99000000
483.4	92.55900000
483.6	92.89100000
483.8	92.86400000
484	92.50500000
484.2	91.78400000
484.4	91.11200000
484.6	90.33900000
484.8	89.83600000
485	89.63200000
485.2	89.73900000
485.4	90.09900000
485.6	90.42100000
485.8	90.43900000
486	90.21300000
486.2	89.66400000
486.4	89.08500000
486.6	88.84700000
486.8	89.39900000
487	90.89100000
487.2	92.57300000
487.4	93.27500000
487.6	91.04900000
487.8	83.85400000
488	74.25500000
488.2	62.78500000
488.4	51.29700000
488.6	44.20400000
488.8	49.31900000
489	59.66900000
489.2	23.07200000
489.4	2.72300000
489.6	0.54500000
489.8	0.22300000
490	0.13900000
490.2	0.10100000
490.4	0.08450900
490.6	0.04290400
490.8	0.00135020
491	0.00038113
491.2	0.00018709
491.4	0.00011786
491.6	0.00008205
491.8	0.00006180
492	0.00006160
492.2	0.00004869
492.4	0.00003800
492.6	0.00003482
492.8	0.00003392
493	0.00002687
493.2	0.00002500
493.4	0.00002318
493.6	0.00002382
493.8	0.00002042
494	0.00001680
494.2	0.00001422
494.4	0.00000910
494.6	0.00001017
494.8	0.00001139
495	0.00001684
495.2	0.00001933
495.4	0.00001425
495.6	0.00000861
495.8	0.00001022
496	0.00001423
496.2	0.00001201
496.4	0.00001134
496.6	0.00001279
496.8	0.00001201
497	0.00002230
497.2	0.00000357
497.4	0.00000662
497.6	0.00001316
497.8	0.00000997
498	0.00000864
498.2	0.00000627
498.4	0.00000783
498.6	0.00000802
498.8	0.00001050
499	0.00001306
499.2	0.00001212
499.4	0.00000863
499.6	0.00000203
499.8	0.00000485
500	0.00000297
500.2	0.00000407
500.4	0.00001172
500.6	0.00001139
500.8	0.00001018
501	0.00001466
501.2	0.00000522
501.4	0.00000540
501.6	0.00000580
501.8	0.00000419
502	0.00000873
502.2	0.00000783
502.4	0.00000217
502.6	0.00000179
502.8	0.00000344
503	0.00000492
503.2	0.00000189
503.4	0.00000450
503.6	0.00000699
503.8	0.00000403
504	0.00000232
504.2	0.00000231
504.4	0.00000400
504.6	0.00000691
504.8	0.00000633
505	0.00000692
505.2	0.00000266
505.4	0.00000299
505.6	0.00000566
505.8	0.00000755
506	0.00001793
506.2	0.00000989
506.4	0.00000238
506.6	0.00000665
506.8	0.00000606
507	0.00000167
507.2	0.00000167
507.4	0.00000395
507.6	0.00000283
507.8	0.00000387
508	0.00000266
508.2	0.00000162
508.4	0.00000161
508.6	0.00000161
508.8	0.00000161
509	0.00000268
509.2	0.00000339
509.4	0.00000230
509.6	0.00000160
509.8	0.00000177
510	0.00000629
510.2	0.00000281
510.4	0.00000344
510.6	0.00000995
510.8	0.00001213
511	0.00000915
511.2	0.00000788
511.4	0.00000525
511.6	0.00000249
511.8	0.00000280
512	0.00000513
512.2	0.00000308
512.4	0.00000192
512.6	0.00000571
512.8	0.00000216
513	0.00000152
513.2	0.00000182
513.4	0.00000407
513.6	0.00000855
513.8	0.00000619
514	0.00000173
514.2	0.00000403
514.4	0.00000739
514.6	0.00000645
514.8	0.00000338
515	0.00000245
515.2	0.00000149
515.4	0.00000149
515.6	0.00000494
515.8	0.00000387
516	0.00000243
516.2	0.00000612
516.4	0.00000565
516.6	0.00001044
516.8	0.00000199
517	0.00000144
517.2	0.00000143
517.4	0.00000142
517.6	0.00000142
517.8	0.00000164
518	0.00000282
518.2	0.00000388
518.4	0.00000217
518.6	0.00000215
518.8	0.00000387
519	0.00000368
519.2	0.00000736
519.4	0.00000424
519.6	0.00000520
519.8	0.00000472
520	0.00000416
520.2	0.00000356
520.4	0.00000192
520.6	0.00000325
520.8	0.00000775
521	0.00000365
521.2	0.00000273
521.4	0.00000389
521.6	0.00000674
521.8	0.00000233
522	0.00000403
522.2	0.00000401
522.4	0.00000192
522.6	0.00000251
522.8	0.00000528
523	0.00000506
523.2	0.00000265
523.4	0.00000139
523.6	0.00000417
523.8	0.00000215
524	0.00000129
524.2	0.00000129
524.4	0.00000133
524.6	0.00000563
524.8	0.00000386
525	0.00000385
525.2	0.00000457
525.4	0.00000457
525.6	0.00000312
525.8	0.00000130
526	0.00000187
526.2	0.00000252
526.4	0.00000148
526.6	0.00000126
526.8	0.00000161
527	0.00000251
527.2	0.00000250
527.4	0.00000366
527.6	0.00000134
527.8	0.00000124
528	0.00000179
528.2	0.00000354
528.4	0.00000591
528.6	0.00000142
528.8	0.00000123
529	0.00000122
529.2	0.00000122
529.4	0.00000122
529.6	0.00000183
529.8	0.00000486
530	0.00000486
530.2	0.00000236
530.4	0.00000133
530.6	0.00000379
530.8	0.00000333
531	0.00000192
531.2	0.00000932
531.4	0.00000308
531.6	0.00000263
531.8	0.00000145
532	0.00000118
532.2	0.00000156
532.4	0.00000206
532.6	0.00000118
532.8	0.00000475
533	0.00000306
533.2	0.00000140
533.4	0.00000117
533.6	0.00000116
533.8	0.00000144
534	0.00000432
534.2	0.00000276
534.4	0.00000345
534.6	0.00000284
534.8	0.00000160
535	0.00000116
535.2	0.00000126
535.4	0.00000218
535.6	0.00000308
535.8	0.00000397
536	0.00000294
536.2	0.00000163
536.4	0.00000115
536.6	0.00000126
536.8	0.00000300
537	0.00000162
537.2	0.00000113
537.4	0.00000113
537.6	0.00000113
537.8	0.00000112
538	0.00000112
538.2	0.00000112
538.4	0.00000112
538.6	0.00000111
538.8	0.00000111
539	0.00000111
539.2	0.00000129
539.4	0.00000219
539.6	0.00000126
539.8	0.00000111
540	0.00000128
540.2	0.00000249
540.4	0.00000258
540.6	0.00000111
540.8	0.00000111
541	0.00000443
541.2	0.00000240
541.4	0.00000142
541.6	0.00000155
541.8	0.00000193
542	0.00000510
542.2	0.00000339
542.4	0.00000243
542.6	0.00000354
542.8	0.00000326
543	0.00000130
543.2	0.00000108
543.4	0.00000108
543.6	0.00000108
543.8	0.00000108
544	0.00000107
544.2	0.00000119
544.4	0.00000204
544.6	0.00000295
544.8	0.00000107
545	0.00000107
545.2	0.00000107
545.4	0.00000107
545.6	0.00000120
545.8	0.00000217
546	0.00000369
546.2	0.00000110
546.4	0.00000333
546.6	0.00000182
546.8	0.00000107
547	0.00000119
547.2	0.00000173
547.4	0.00000230
547.6	0.00000317
547.8	0.00000319
548	0.00000170
548.2	0.00000137
548.4	0.00000223
548.6	0.00000238
548.8	0.00000106
549	0.00000105
549.2	0.00000105
549.4	0.00000105
549.6	0.00000165
549.8	0.00000376
550	0.00000205
550.2	0.00000324
550.4	0.00000407
550.6	0.00000419
550.8	0.00000213
551	0.00000128
551.2	0.00000211
551.4	0.00000213
551.6	0.00000211
551.8	0.00000211
552	0.00000210
552.2	0.00000252
552.4	0.00000287
552.6	0.00000206
552.8	0.00000114
553	0.00000105
553.2	0.00000105
553.4	0.00000274
553.6	0.00000277
553.8	0.00000104
554	0.00000104
554.2	0.00000219
554.4	0.00000107
554.6	0.00000104
554.8	0.00000103
555	0.00000103
555.2	0.00000125
555.4	0.00000378
555.6	0.00000146
555.8	0.00000105
556	0.00000102
556.2	0.00000145
556.4	0.00000165
556.6	0.00000102
556.8	0.00000102
557	0.00000102
557.2	0.00000102
557.4	0.00000102
557.6	0.00000102
557.8	0.00000153
558	0.00000360
558.2	0.00000119
558.4	0.00000168
558.6	0.00000181
558.8	0.00000599
559	0.00000511
559.2	0.00000102
559.4	0.00000102
559.6	0.00000326
559.8	0.00000376
560	0.00000156
560.2	0.00000258
560.4	0.00000218
560.6	0.00000183
560.8	0.00000155
561	0.00000130
561.2	0.00000110
561.4	0.00000093
561.6	0.00000078
561.8	0.00000066
562	0.00000055
562.2	0.00000047
562.4	0.00000039
562.6	0.00000041
562.8	0.00000049
563	0.00000060
563.2	0.00000072
563.4	0.00000087
563.6	0.00000105
563.8	0.00000127
564	0.00000153
564.2	0.00000185
564.4	0.00000223
564.6	0.00000269
564.8	0.00000325
565	0.00000366
565.2	0.00000378
565.4	0.00000391
565.6	0.00000404
565.8	0.00000417
566	0.00000431
566.2	0.00000445
566.4	0.00000460
566.6	0.00000475
566.8	0.00000490
567	0.00000506
567.2	0.00000523
567.4	0.00000528
567.6	0.00000506
567.8	0.00000484
568	0.00000463
568.2	0.00000443
568.4	0.00000424
568.6	0.00000406
568.8	0.00000388
569	0.00000372
569.2	0.00000356
569.4	0.00000340
569.6	0.00000326
569.8	0.00000312
570	0.00000300
570.2	0.00000292
570.4	0.00000284
570.6	0.00000276
570.8	0.00000268
571	0.00000261
571.2	0.00000254
571.4	0.00000247
571.6	0.00000240
571.8	0.00000233
572	0.00000227
572.2	0.00000220
572.4	0.00000214
572.6	0.00000219
572.8	0.00000232
573	0.00000245
573.2	0.00000260
573.4	0.00000275
573.6	0.00000291
573.8	0.00000308
574	0.00000326
574.2	0.00000345
574.4	0.00000365
574.6	0.00000386
574.8	0.00000408
575	0.00000385
575.2	0.00000314
575.4	0.00000256
575.6	0.00000208
575.8	0.00000170
576	0.00000138
576.2	0.00000113
576.4	0.00000092
576.6	0.00000075
576.8	0.00000061
577	0.00000050
577.2	0.00000041
577.4	0.00000037
577.6	0.00000043
577.8	0.00000049
578	0.00000057
578.2	0.00000066
578.4	0.00000076
578.6	0.00000088
578.8	0.00000102
579	0.00000118
579.2	0.00000137
579.4	0.00000158
579.6	0.00000183
579.8	0.00000211
580	0.00000228
580.2	0.00000227
580.4	0.00000226
580.6	0.00000225
580.8	0.00000224
581	0.00000222
581.2	0.00000221
581.4	0.00000220
581.6	0.00000219
581.8	0.00000218
582	0.00000216
582.2	0.00000215
582.4	0.00000214
582.6	0.00000196
582.8	0.00000169
583	0.00000145
583.2	0.00000125
583.4	0.00000108
583.6	0.00000093
583.8	0.00000080
584	0.00000069
584.2	0.00000060
584.4	0.00000051
584.6	0.00000044
584.8	0.00000038
585	0.00000035
585.2	0.00000035
585.4	0.00000035
585.6	0.00000035
585.8	0.00000035
586	0.00000035
586.2	0.00000035
586.4	0.00000035
586.6	0.00000035
586.8	0.00000035
587	0.00000035
587.2	0.00000035
587.4	0.00000036
587.6	0.00000040
587.8	0.00000044
588	0.00000049
588.2	0.00000054
588.4	0.00000059
588.6	0.00000065
588.8	0.00000072
589	0.00000079
589.2	0.00000088
589.4	0.00000097
589.6	0.00000107
589.8	0.00000118
590	0.00000118
590.2	0.00000107
590.4	0.00000097
590.6	0.00000088
590.8	0.00000080
591	0.00000073
591.2	0.00000066
591.4	0.00000060
591.6	0.00000054
591.8	0.00000049
592	0.00000045
592.2	0.00000040
592.4	0.00000037
592.6	0.00000040
592.8	0.00000049
593	0.00000060
593.2	0.00000074
593.4	0.00000090
593.6	0.00000111
593.8	0.00000136
594	0.00000167
594.2	0.00000206
594.4	0.00000253
594.6	0.00000310
594.8	0.00000381
595	0.00000387
595.2	0.00000315
595.4	0.00000257
595.6	0.00000209
595.8	0.00000170
596	0.00000139
596.2	0.00000113
596.4	0.00000092
596.6	0.00000075
596.8	0.00000061
597	0.00000050
597.2	0.00000041
597.4	0.00000038
597.6	0.00000045
597.8	0.00000054
598	0.00000065
598.2	0.00000078
598.4	0.00000094
598.6	0.00000112
598.8	0.00000135
599	0.00000161
599.2	0.00000193
599.4	0.00000232
599.6	0.00000278
599.8	0.00000334
600	0.00000340
600.2	0.00000283
600.4	0.00000236
600.6	0.00000197
600.8	0.00000164
601	0.00000137
601.2	0.00000114
601.4	0.00000095
601.6	0.00000079
601.8	0.00000066
602	0.00000055
602.2	0.00000046
602.4	0.00000038
602.6	0.00000039
602.8	0.00000048
603	0.00000059
603.2	0.00000073
603.4	0.00000089
603.6	0.00000110
603.8	0.00000135
604	0.00000165
604.2	0.00000203
604.4	0.00000249
604.6	0.00000306
604.8	0.00000375
605	0.00000386
605.2	0.00000314
605.4	0.00000256
605.6	0.00000208
605.8	0.00000170
606	0.00000138
606.2	0.00000112
606.4	0.00000092
606.6	0.00000075
606.8	0.00000061
607	0.00000049
607.2	0.00000040
607.4	0.00000036
607.6	0.00000038
607.8	0.00000041
608	0.00000044
608.2	0.00000048
608.4	0.00000051
608.6	0.00000055
608.8	0.00000059
609	0.00000064
609.2	0.00000068
609.4	0.00000073
609.6	0.00000079
609.8	0.00000085
610	0.00000085
610.2	0.00000080
610.4	0.00000074
610.6	0.00000069
610.8	0.00000064
611	0.00000060
611.2	0.00000056
611.4	0.00000052
611.6	0.00000048
611.8	0.00000045
612	0.00000042
612.2	0.00000039
612.4	0.00000036
612.6	0.00000035
612.8	0.00000035
613	0.00000035
613.2	0.00000035
613.4	0.00000035
613.6	0.00000035
613.8	0.00000035
614	0.00000035
614.2	0.00000035
614.4	0.00000035
614.6	0.00000035
614.8	0.00000035
615	0.00000037
615.2	0.00000042
615.4	0.00000047
615.6	0.00000052
615.8	0.00000059
616	0.00000066
616.2	0.00000074
616.4	0.00000083
616.6	0.00000093
616.8	0.00000104
617	0.00000117
617.2	0.00000131
617.4	0.00000136
617.6	0.00000123
617.8	0.00000110
618	0.00000099
618.2	0.00000089
618.4	0.00000080
618.6	0.00000071
618.8	0.00000064
619	0.00000058
619.2	0.00000052
619.4	0.00000046
619.6	0.00000042
619.8	0.00000037
620	0.00000035
620.2	0.00000035
620.4	0.00000035
620.6	0.00000035
620.8	0.00000035
621	0.00000035
621.2	0.00000035
621.4	0.00000035
621.6	0.00000035
621.8	0.00000035
622	0.00000035
622.2	0.00000035
622.4	0.00000035
622.6	0.00000035
622.8	0.00000035
623	0.00000035
623.2	0.00000035
623.4	0.00000035
623.6	0.00000035
623.8	0.00000035
624	0.00000035
624.2	0.00000035
624.4	0.00000035
624.6	0.00000035
624.8	0.00000035
625	0.00000035
625.2	0.00000035
625.4	0.00000035
625.6	0.00000035
625.8	0.00000035
626	0.00000035
626.2	0.00000035
626.4	0.00000035
626.6	0.00000035
626.8	0.00000035
627	0.00000035
627.2	0.00000035
627.4	0.00000035
627.6	0.00000035
627.8	0.00000035
628	0.00000035
628.2	0.00000035
628.4	0.00000035
628.6	0.00000035
628.8	0.00000035
629	0.00000035
629.2	0.00000035
629.4	0.00000035
629.6	0.00000035
629.8	0.00000035
630	0.00000035
630.2	0.00000035
630.4	0.00000035
630.6	0.00000035
630.8	0.00000035
631	0.00000035
631.2	0.00000035
631.4	0.00000035
631.6	0.00000035
631.8	0.00000035
632	0.00000035
632.2	0.00000035
632.4	0.00000035
632.6	0.00000041
632.8	0.00000053
633	0.00000069
633.2	0.00000089
633.4	0.00000116
633.6	0.00000151
633.8	0.00000196
634	0.00000255
634.2	0.00000332
634.4	0.00000432
634.6	0.00000562
634.8	0.00000731
635	0.00000929
635.2	0.00001145
635.4	0.00001410
635.6	0.00001737
635.8	0.00002141
636	0.00002637
636.2	0.00003250
636.4	0.00004004
636.6	0.00004933
636.8	0.00006078
637	0.00007488
637.2	0.00009226
637.4	0.00010375
637.6	0.00009809
637.8	0.00009274
638	0.00008769
638.2	0.00008290
638.4	0.00007838
638.6	0.00007411
638.8	0.00007007
639	0.00006625
639.2	0.00006264
639.4	0.00005922
639.6	0.00005599
639.8	0.00005294
640	0.00005158
640.2	0.00005219
640.4	0.00005280
640.6	0.00005342
640.8	0.00005405
641	0.00005468
641.2	0.00005532
641.4	0.00005597
641.6	0.00005663
641.8	0.00005729
642	0.00005796
642.2	0.00005864
642.4	0.00005933
642.6	0.00005625
642.8	0.00005044
643	0.00004524
643.2	0.00004057
643.4	0.00003638
643.6	0.00003263
643.8	0.00002926
644	0.00002624
644.2	0.00002354
644.4	0.00002111
644.6	0.00001893
644.8	0.00001698
645	0.00001603
645.2	0.00001611
645.4	0.00001619
645.6	0.00001628
645.8	0.00001636
646	0.00001645
646.2	0.00001653
646.4	0.00001662
646.6	0.00001670
646.8	0.00001679
647	0.00001688
647.2	0.00001697
647.4	0.00001749
647.6	0.00001882
647.8	0.00002025
648	0.00002179
648.2	0.00002345
648.4	0.00002523
648.6	0.00002715
648.8	0.00002921
649	0.00003143
649.2	0.00003382
649.4	0.00003640
649.6	0.00003916
649.8	0.00004214
650	0.00004287
650.2	0.00004076
650.4	0.00003876
650.6	0.00003686
650.8	0.00003505
651	0.00003333
651.2	0.00003169
651.4	0.00003014
651.6	0.00002866
651.8	0.00002725
652	0.00002591
652.2	0.00002464
652.4	0.00002343
652.6	0.00002313
652.8	0.00002359
653	0.00002405
653.2	0.00002453
653.4	0.00002502
653.6	0.00002551
653.8	0.00002602
654	0.00002653
654.2	0.00002706
654.4	0.00002759
654.6	0.00002814
654.8	0.00002870
655	0.00002881
655.2	0.00002840
655.4	0.00002799
655.6	0.00002759
655.8	0.00002719
656	0.00002680
656.2	0.00002641
656.4	0.00002603
656.6	0.00002566
656.8	0.00002529
657	0.00002492
657.2	0.00002456
657.4	0.00002436
657.6	0.00002440
657.8	0.00002444
658	0.00002448
658.2	0.00002452
658.4	0.00002456
658.6	0.00002460
658.8	0.00002464
659	0.00002468
659.2	0.00002472
659.4	0.00002476
659.6	0.00002480
659.8	0.00002485
660	0.00002612
660.2	0.00002910
660.4	0.00003241
660.6	0.00003611
660.8	0.00004022
661	0.00004481
661.2	0.00004991
661.4	0.00005560
661.6	0.00006194
661.8	0.00006900
662	0.00007686
662.2	0.00008562
662.4	0.00009537
662.6	0.00010198
662.8	0.00010506
663	0.00010824
663.2	0.00011152
663.4	0.00011489
663.6	0.00011837
663.8	0.00012195
664	0.00012564
664.2	0.00012945
664.4	0.00013336
664.6	0.00013740
664.8	0.00014156
665	0.00014171
665.2	0.00013704
665.4	0.00013254
665.6	0.00012818
665.8	0.00012396
666	0.00011988
666.2	0.00011594
666.4	0.00011213
666.6	0.00010844
666.8	0.00010487
667	0.00010142
667.2	0.00009809
667.4	0.00009495
667.6	0.00009204
667.8	0.00008923
668	0.00008650
668.2	0.00008385
668.4	0.00008128
668.6	0.00007880
668.8	0.00007639
669	0.00007405
669.2	0.00007178
669.4	0.00006959
669.6	0.00006746
669.8	0.00006539
670	0.00006483
670.2	0.00006612
670.4	0.00006744
670.6	0.00006879
670.8	0.00007016
671	0.00007156
671.2	0.00007299
671.4	0.00007445
671.6	0.00007593
671.8	0.00007745
672	0.00007899
672.2	0.00008057
672.4	0.00008218
672.6	0.00008570
672.8	0.00009151
673	0.00009771
673.2	0.00010432
673.4	0.00011139
673.6	0.00011894
673.8	0.00012699
674	0.00013560
674.2	0.00014478
674.4	0.00015459
674.6	0.00016506
674.8	0.00017624
675	0.00017923
675.2	0.00017064
675.4	0.00016245
675.6	0.00015467
675.8	0.00014725
676	0.00014019
676.2	0.00013347
676.4	0.00012707
676.6	0.00012098
676.8	0.00011518
677	0.00010966
677.2	0.00010440
677.4	0.00009941
677.6	0.00009468
677.8	0.00009018
678	0.00008590
678.2	0.00008181
678.4	0.00007792
678.6	0.00007422
678.8	0.00007069
679	0.00006733
679.2	0.00006413
679.4	0.00006108
679.6	0.00005818
679.8	0.00005541
680	0.00005452
680.2	0.00005601
680.4	0.00005753
680.6	0.00005910
680.8	0.00006071
681	0.00006236
681.2	0.00006406
681.4	0.00006580
681.6	0.00006759
681.8	0.00006943
682	0.00007132
682.2	0.00007326
682.4	0.00007526
682.6	0.00007779
682.8	0.00008094
683	0.00008421
683.2	0.00008761
683.4	0.00009116
683.6	0.00009484
683.8	0.00009868
684	0.00010267
684.2	0.00010682
684.4	0.00011114
684.6	0.00011563
684.8	0.00012031
685	0.00012343
685.2	0.00012437
685.4	0.00012530
685.6	0.00012625
685.8	0.00012720
686	0.00012816
686.2	0.00012913
686.4	0.00013011
686.6	0.00013109
686.8	0.00013208
687	0.00013307
687.2	0.00013408
687.4	0.00013331
687.6	0.00012977
687.8	0.00012632
688	0.00012296
688.2	0.00011969
688.4	0.00011651
688.6	0.00011341
688.8	0.00011040
689	0.00010746
689.2	0.00010460
689.4	0.00010182
689.6	0.00009912
689.8	0.00009648
690	0.00009537
690.2	0.00009613
690.4	0.00009689
690.6	0.00009766
690.8	0.00009844
691	0.00009922
691.2	0.00010001
691.4	0.00010080
691.6	0.00010160
691.8	0.00010241
692	0.00010322
692.2	0.00010404
692.4	0.00010487
692.6	0.00010611
692.8	0.00010781
693	0.00010953
693.2	0.00011128
693.4	0.00011306
693.6	0.00011487
693.8	0.00011670
694	0.00011857
694.2	0.00012046
694.4	0.00012238
694.6	0.00012434
694.8	0.00012633
695	0.00012731
695.2	0.00012698
695.4	0.00012666
695.6	0.00012633
695.8	0.00012601
696	0.00012569
696.2	0.00012536
696.4	0.00012504
696.6	0.00012472
696.8	0.00012440
697	0.00012408
697.2	0.00012377
697.4	0.00012327
697.6	0.00012251
697.8	0.00012176
698	0.00012101
698.2	0.00012026
698.4	0.00011952
698.6	0.00011878
698.8	0.00011805
699	0.00011732
699.2	0.00011660
699.4	0.00011588
699.6	0.00011517
699.8	0.00011446
700	0.00011483
700.2	0.00011658
700.4	0.00011836
700.6	0.00012017
700.8	0.00012200
701	0.00012386
701.2	0.00012575
701.4	0.00012767
701.6	0.00012962
701.8	0.00013160
702	0.00013361
702.2	0.00013565
702.4	0.00013772
702.6	0.00013623
702.8	0.00013100
703	0.00012598
703.2	0.00012115
703.4	0.00011650
703.6	0.00011203
703.8	0.00010773
704	0.00010360
704.2	0.00009963
704.4	0.00009580
704.6	0.00009213
704.8	0.00008859
705	0.00008695
705.2	0.00008756
705.4	0.00008819
705.6	0.00008881
705.8	0.00008944
706	0.00009008
706.2	0.00009072
706.4	0.00009136
706.6	0.00009201
706.8	0.00009267
707	0.00009332
707.2	0.00009399
707.4	0.00009658
707.6	0.00010221
707.8	0.00010817
708	0.00011447
708.2	0.00012115
708.4	0.00012821
708.6	0.00013569
708.8	0.00014360
709	0.00015198
709.2	0.00016084
709.4	0.00017022
709.6	0.00018014
709.8	0.00019065
710	0.00019577
710.2	0.00019346
710.4	0.00019117
710.6	0.00018891
710.8	0.00018668
711	0.00018447
711.2	0.00018229
711.4	0.00018014
711.6	0.00017801
711.8	0.00017591
712	0.00017383
712.2	0.00017178
712.4	0.00016975
712.6	0.00016796
712.8	0.00016645
713	0.00016495
713.2	0.00016347
713.4	0.00016200
713.6	0.00016054
713.8	0.00015909
714	0.00015766
714.2	0.00015624
714.4	0.00015483
714.6	0.00015344
714.8	0.00015206
715	0.00015214
715.2	0.00015413
715.4	0.00015614
715.6	0.00015818
715.8	0.00016025
716	0.00016234
716.2	0.00016447
716.4	0.00016661
716.6	0.00016879
716.8	0.00017100
717	0.00017323
717.2	0.00017550
717.4	0.00017056
717.6	0.00015613
717.8	0.00014293
718	0.00013084
718.2	0.00011978
718.4	0.00010965
718.6	0.00010038
718.8	0.00009189
719	0.00008412
719.2	0.00007701
719.4	0.00007049
719.6	0.00006453
719.8	0.00005908
720	0.00005495
720.2	0.00005213
720.4	0.00004945
720.6	0.00004692
720.8	0.00004451
721	0.00004223
721.2	0.00004006
721.4	0.00003801
721.6	0.00003606
721.8	0.00003421
722	0.00003246
722.2	0.00003079
722.4	0.00002921
722.6	0.00002848
722.8	0.00002861
723	0.00002874
723.2	0.00002887
723.4	0.00002901
723.6	0.00002914
723.8	0.00002927
724	0.00002941
724.2	0.00002954
724.4	0.00002968
724.6	0.00002982
724.8	0.00002995
725	0.00003052
725.2	0.00003162
725.4	0.00003276
725.6	0.00003394
725.8	0.00003516
726	0.00003643
726.2	0.00003774
726.4	0.00003910
726.6	0.00004051
726.8	0.00004197
727	0.00004348
727.2	0.00004505
727.4	0.00004664
727.6	0.00004823
727.8	0.00004988
728	0.00005158
728.2	0.00005335
728.4	0.00005517
728.6	0.00005705
728.8	0.00005900
729	0.00006102
729.2	0.00006310
729.4	0.00006526
729.6	0.00006749
729.8	0.00006979
730	0.00007314
730.2	0.00007787
730.4	0.00008290
730.6	0.00008827
730.8	0.00009398
731	0.00010006
731.2	0.00010653
731.4	0.00011342
731.6	0.00012076
731.8	0.00012857
732	0.00013688
732.2	0.00014574
732.4	0.00015517
732.6	0.00015501
732.8	0.00014392
733	0.00013362
733.2	0.00012405
733.4	0.00011518
733.6	0.00010693
733.8	0.00009928
734	0.00009217
734.2	0.00008558
734.4	0.00007945
734.6	0.00007376
734.8	0.00006849
735	0.00006255
735.2	0.00005600
735.4	0.00005013
735.6	0.00004488
735.8	0.00004018
736	0.00003597
736.2	0.00003220
736.4	0.00002883
736.6	0.00002581
736.8	0.00002310
737	0.00002068
737.2	0.00001852
737.4	0.00001660
737.6	0.00001491
737.8	0.00001339
738	0.00001203
738.2	0.00001080
738.4	0.00000970
738.6	0.00000871
738.8	0.00000782
739	0.00000703
739.2	0.00000631
739.4	0.00000567
739.6	0.00000509
739.8	0.00000457
740	0.00000445
740.2	0.00000475
740.4	0.00000507
740.6	0.00000541
740.8	0.00000577
741	0.00000616
741.2	0.00000658
741.4	0.00000702
741.6	0.00000749
741.8	0.00000800
742	0.00000854
742.2	0.00000911
742.4	0.00000973
742.6	0.00001040
742.8	0.00001113
743	0.00001192
743.2	0.00001276
743.4	0.00001366
743.6	0.00001463
743.8	0.00001566
744	0.00001676
744.2	0.00001795
744.4	0.00001921
744.6	0.00002057
744.8	0.00002202
745	0.00002442
745.2	0.00002819
745.4	0.00003255
745.6	0.00003758
745.8	0.00004339
746	0.00005010
746.2	0.00005784
746.4	0.00006678
746.6	0.00007710
746.8	0.00008902
747	0.00010278
747.2	0.00011867
747.4	0.00012703
747.6	0.00012444
747.8	0.00012190
748	0.00011941
748.2	0.00011697
748.4	0.00011458
748.6	0.00011224
748.8	0.00010995
749	0.00010771
749.2	0.00010551
749.4	0.00010335
749.6	0.00010124
749.8	0.00009918
750	0.00009522
750.2	0.00008925
750.4	0.00008365
750.6	0.00007841
750.8	0.00007349
751	0.00006888
751.2	0.00006456
751.4	0.00006052
751.6	0.00005672
751.8	0.00005316
752	0.00004983
752.2	0.00004671
752.4	0.00004378
752.6	0.00004149
752.8	0.00003988
753	0.00003832
753.2	0.00003683
753.4	0.00003540
753.6	0.00003402
753.8	0.00003270
754	0.00003142
754.2	0.00003020
754.4	0.00002903
754.6	0.00002790
754.8	0.00002681
755	0.00002618
755.2	0.00002606
755.4	0.00002595
755.6	0.00002584
755.8	0.00002573
756	0.00002562
756.2	0.00002551
756.4	0.00002540
756.6	0.00002529
756.8	0.00002519
757	0.00002508
757.2	0.00002497
757.4	0.00002574
757.6	0.00002768
757.8	0.00002976
758	0.00003200
758.2	0.00003440
758.4	0.00003699
758.6	0.00003977
758.8	0.00004277
759	0.00004598
759.2	0.00004944
759.4	0.00005316
759.6	0.00005716
759.8	0.00006146
760	0.00006615
760.2	0.00007127
760.4	0.00007679
760.6	0.00008274
760.8	0.00008915
761	0.00009605
761.2	0.00010349
761.4	0.00011151
761.6	0.00012014
761.8	0.00012945
762	0.00013947
762.2	0.00015028
762.4	0.00016192
762.6	0.00016132
762.8	0.00014578
763	0.00013173
763.2	0.00011904
763.4	0.00010757
763.6	0.00009720
763.8	0.00008784
764	0.00007937
764.2	0.00007172
764.4	0.00006481
764.6	0.00005857
764.8	0.00005292
765	0.00004889
765.2	0.00004636
765.4	0.00004396
765.6	0.00004168
765.8	0.00003953
766	0.00003748
766.2	0.00003554
766.4	0.00003370
766.6	0.00003196
766.8	0.00003030
767	0.00002874
767.2	0.00002725
767.4	0.00002700
767.6	0.00002815
767.8	0.00002935
768	0.00003060
768.2	0.00003190
768.4	0.00003325
768.6	0.00003467
768.8	0.00003614
769	0.00003768
769.2	0.00003928
769.4	0.00004095
769.6	0.00004269
769.8	0.00004451
770	0.00004678
770.2	0.00004964
770.4	0.00005269
770.6	0.00005592
770.8	0.00005935
771	0.00006299
771.2	0.00006685
771.4	0.00007095
771.6	0.00007530
771.8	0.00007992
772	0.00008482
772.2	0.00009002
772.4	0.00009554
772.6	0.00009903
772.8	0.00009947
773	0.00009992
773.2	0.00010037
773.4	0.00010082
773.6	0.00010127
773.8	0.00010173
774	0.00010218
774.2	0.00010264
774.4	0.00010310
774.6	0.00010356
774.8	0.00010403
775	0.00010397
775.2	0.00010325
775.4	0.00010254
775.6	0.00010183
775.8	0.00010112
776	0.00010043
776.2	0.00009973
776.4	0.00009904
776.6	0.00009836
776.8	0.00009768
777	0.00009701
777.2	0.00009634
777.4	0.00009413
777.6	0.00009029
777.8	0.00008661
778	0.00008308
778.2	0.00007969
778.4	0.00007644
778.6	0.00007333
778.8	0.00007034
779	0.00006747
779.2	0.00006472
779.4	0.00006208
779.6	0.00005955
779.8	0.00005712
780	0.00005589
780.2	0.00005601
780.4	0.00005613
780.6	0.00005624
780.8	0.00005636
781	0.00005647
781.2	0.00005659
781.4	0.00005671
781.6	0.00005683
781.8	0.00005694
782	0.00005706
782.2	0.00005718
782.4	0.00005730
782.6	0.00005715
782.8	0.00005665
783	0.00005616
783.2	0.00005567
783.4	0.00005519
783.6	0.00005471
783.8	0.00005423
784	0.00005376
784.2	0.00005329
784.4	0.00005283
784.6	0.00005237
784.8	0.00005191
785	0.00005191
785.2	0.00005344
785.4	0.00005502
785.6	0.00005664
785.8	0.00005831
786	0.00006002
786.2	0.00006179
786.4	0.00006361
786.6	0.00006549
786.8	0.00006742
787	0.00006940
787.2	0.00007145
787.4	0.00007355
787.6	0.00007572
787.8	0.00007724
788	0.00007835
788.2	0.00007947
788.4	0.00008061
788.6	0.00008177
788.8	0.00008294
789	0.00008413
789.2	0.00008534
789.4	0.00008656
789.6	0.00008780
789.8	0.00008906
790	0.00009034
790.2	0.00009164
790.4	0.00009295
790.6	0.00009429
790.8	0.00009564
791	0.00009568
791.2	0.00009524
791.4	0.00009480
791.6	0.00009436
791.8	0.00009393
792	0.00009349
792.2	0.00009306
792.4	0.00009263
792.6	0.00009220
792.8	0.00009178
793	0.00009135
793.2	0.00009093
793.4	0.00009051
793.6	0.00009009
793.8	0.00008968
794	0.00008926
794.2	0.00008885
794.4	0.00008844
794.6	0.00008803
794.8	0.00008762
795	0.00008722
795.2	0.00008682
795.4	0.00008642
795.6	0.00008602
795.8	0.00008562
796	0.00008522
796.2	0.00008356
796.4	0.00008009
796.6	0.00007677
796.8	0.00007358
797	0.00007053
797.2	0.00006761
797.4	0.00006480
797.6	0.00006211
797.8	0.00005954
798	0.00005707
798.2	0.00005583
798.4	0.00005574
798.6	0.00005566
798.8	0.00005557
799	0.00005549
799.2	0.00005540
799.4	0.00005532
799.6	0.00005523
799.8	0.00005515
800	0.00005507
800.2	0.00005684
800.4	0.00006000
800.6	0.00006332
800.8	0.00006684
801	0.00007054
801.2	0.00007446
801.4	0.00007859
801.6	0.00008295
801.8	0.00008755
802	0.00009240
802.2	0.00009615
802.4	0.00009946
802.6	0.00010287
802.8	0.00010641
803	0.00011006
803.2	0.00011385
803.4	0.00011776
803.6	0.00012180
803.8	0.00012599
804	0.00013032
804.2	0.00013137
804.4	0.00013167
804.6	0.00013196
804.8	0.00013225
805	0.00013255
805.2	0.00013285
805.4	0.00013314
805.6	0.00013344
805.8	0.00013374
806	0.00013403
806.2	0.00013447
806.4	0.00013512
806.6	0.00013577
806.8	0.00013642
807	0.00013708
807.2	0.00013774
807.4	0.00013841
807.6	0.00013907
807.8	0.00013974
808	0.00014042
808.2	0.00013812
808.4	0.00013304
808.6	0.00012816
808.8	0.00012345
809	0.00011892
809.2	0.00011455
809.4	0.00011034
809.6	0.00010629
809.8	0.00010239
810	0.00009863
810.2	0.00009288
810.4	0.00008624
810.6	0.00008008
810.8	0.00007436
811	0.00006904
811.2	0.00006411
811.4	0.00005953
811.6	0.00005528
811.8	0.00005133
812	0.00004766
812.2	0.00004448
812.4	0.00004159
812.6	0.00003889
812.8	0.00003637
813	0.00003400
813.2	0.00003180
813.4	0.00002973
813.6	0.00002780
813.8	0.00002600
814	0.00002431
814.2	0.00002275
814.4	0.00002130
814.6	0.00001994
814.8	0.00001866
815	0.00001747
815.2	0.00001635
815.4	0.00001531
815.6	0.00001433
815.8	0.00001341
816	0.00001256
816.2	0.00001210
816.4	0.00001222
816.6	0.00001234
816.8	0.00001246
817	0.00001257
817.2	0.00001269
817.4	0.00001282
817.6	0.00001294
817.8	0.00001306
818	0.00001319
818.2	0.00001340
818.4	0.00001372
818.6	0.00001403
818.8	0.00001436
819	0.00001469
819.2	0.00001503
819.4	0.00001538
819.6	0.00001574
819.8	0.00001610
820	0.00001648
820.2	0.00001734
820.4	0.00001856
820.6	0.00001987
820.8	0.00002127
821	0.00002277
821.2	0.00002437
821.4	0.00002609
821.6	0.00002793
821.8	0.00002990
822	0.00003201
822.2	0.00003470
822.4	0.00003779
822.6	0.00004117
822.8	0.00004484
823	0.00004884
823.2	0.00005319
823.4	0.00005794
823.6	0.00006310
823.8	0.00006873
824	0.00007486
824.2	0.00007990
824.4	0.00008501
824.6	0.00009044
824.8	0.00009621
825	0.00010236
825.2	0.00010889
825.4	0.00011585
825.6	0.00012324
825.8	0.00013112
826	0.00013949
826.2	0.00014528
826.4	0.00014606
826.6	0.00014685
826.8	0.00014764
827	0.00014843
827.2	0.00014922
827.4	0.00015003
827.6	0.00015083
827.8	0.00015164
828	0.00015245
828.2	0.00015171
828.4	0.00014940
828.6	0.00014712
828.8	0.00014488
829	0.00014267
829.2	0.00014050
829.4	0.00013836
829.6	0.00013625
829.8	0.00013418
830	0.00013213
830.2	0.00013230
830.4	0.00013384
830.6	0.00013540
830.8	0.00013699
831	0.00013859
831.2	0.00014020
831.4	0.00014184
831.6	0.00014350
831.8	0.00014517
832	0.00014687
832.2	0.00014811
832.4	0.00014919
832.6	0.00015028
832.8	0.00015138
833	0.00015248
833.2	0.00015360
833.4	0.00015472
833.6	0.00015585
833.8	0.00015699
834	0.00015813
834.2	0.00015736
834.4	0.00015630
834.6	0.00015525
834.8	0.00015420
835	0.00015317
835.2	0.00015214
835.4	0.00015112
835.6	0.00015010
835.8	0.00014909
836	0.00014809
836.2	0.00014681
836.4	0.00014510
836.6	0.00014341
836.8	0.00014174
837	0.00014008
837.2	0.00013845
837.4	0.00013684
837.6	0.00013524
837.8	0.00013366
838	0.00013210
838.2	0.00013054
838.4	0.00012898
838.6	0.00012744
838.8	0.00012591
839	0.00012440
839.2	0.00012291
839.4	0.00012144
839.6	0.00011999
839.8	0.00011855
840	0.00011713
840.2	0.00011390
840.4	0.00010973
840.6	0.00010571
840.8	0.00010184
841	0.00009811
841.2	0.00009452
841.4	0.00009106
841.6	0.00008772
841.8	0.00008451
842	0.00008142
842.2	0.00008090
842.4	0.00008116
842.6	0.00008142
842.8	0.00008168
843	0.00008194
843.2	0.00008221
843.4	0.00008247
843.6	0.00008273
843.8	0.00008300
844	0.00008326
844.2	0.00008258
844.4	0.00008180
844.6	0.00008103
844.8	0.00008026
845	0.00007950
845.2	0.00007875
845.4	0.00007800
845.6	0.00007727
845.8	0.00007654
846	0.00007581
846.2	0.00007608
846.4	0.00007835
846.6	0.00008068
846.8	0.00008309
847	0.00008557
847.2	0.00008812
847.4	0.00009075
847.6	0.00009345
847.8	0.00009624
848	0.00009911
848.2	0.00010227
848.4	0.00010577
848.6	0.00010940
848.8	0.00011315
849	0.00011703
849.2	0.00012104
849.4	0.00012518
849.6	0.00012947
849.8	0.00013391
850	0.00013850
850.2	0.00014332
850.4	0.00014835
850.6	0.00015356
850.8	0.00015895
851	0.00016453
851.2	0.00017030
851.4	0.00017628
851.6	0.00018247
851.8	0.00018887
852	0.00019550
852.2	0.00019644
852.4	0.00019533
852.6	0.00019422
852.8	0.00019313
853	0.00019204
853.2	0.00019095
853.4	0.00018987
853.6	0.00018880
853.8	0.00018773
854	0.00018667
854.2	0.00017870
854.4	0.00017022
854.6	0.00016214
854.8	0.00015445
855	0.00014712
855.2	0.00014014
855.4	0.00013349
855.6	0.00012716
855.8	0.00012112
856	0.00011538
856.2	0.00010996
856.4	0.00010493
856.6	0.00010013
856.8	0.00009555
857	0.00009118
857.2	0.00008701
857.4	0.00008303
857.6	0.00007923
857.8	0.00007560
858	0.00007215
858.2	0.00006903
858.4	0.00006625
858.6	0.00006358
858.8	0.00006102
859	0.00005857
859.2	0.00005621
859.4	0.00005395
859.6	0.00005178
859.8	0.00004969
860	0.00004769
860.2	0.00004642
860.4	0.00004560
860.6	0.00004480
860.8	0.00004401
861	0.00004324
861.2	0.00004248
861.4	0.00004173
861.6	0.00004100
861.8	0.00004028
862	0.00003957
862.2	0.00003897
862.4	0.00003841
862.6	0.00003786
862.8	0.00003731
863	0.00003678
863.2	0.00003625
863.4	0.00003573
863.6	0.00003521
863.8	0.00003471
864	0.00003421
864.2	0.00003333
864.4	0.00003243
864.6	0.00003155
864.8	0.00003070
865	0.00002987
865.2	0.00002906
865.4	0.00002827
865.6	0.00002751
865.8	0.00002677
866	0.00002604
866.2	0.00002605
866.4	0.00002769
866.6	0.00002943
866.8	0.00003128
867	0.00003325
867.2	0.00003534
867.4	0.00003756
867.6	0.00003992
867.8	0.00004243
868	0.00004510
868.2	0.00004695
868.4	0.00004774
868.6	0.00004855
868.8	0.00004936
869	0.00005019
869.2	0.00005104
869.4	0.00005189
869.6	0.00005277
869.8	0.00005365
870	0.00005455
870.2	0.00005575
870.4	0.00005714
870.6	0.00005858
870.8	0.00006004
871	0.00006155
871.2	0.00006309
871.4	0.00006467
871.6	0.00006629
871.8	0.00006795
872	0.00006965
872.2	0.00007160
872.4	0.00007366
872.6	0.00007578
872.8	0.00007796
873	0.00008021
873.2	0.00008252
873.4	0.00008489
873.6	0.00008734
873.8	0.00008985
874	0.00009244
874.2	0.00009187
874.4	0.00009104
874.6	0.00009021
874.8	0.00008939
875	0.00008857
875.2	0.00008777
875.4	0.00008697
875.6	0.00008618
875.8	0.00008539
876	0.00008461
876.2	0.00008431
876.4	0.00008511
876.6	0.00008591
876.8	0.00008672
877	0.00008753
877.2	0.00008836
877.4	0.00008919
877.6	0.00009003
877.8	0.00009088
878	0.00009173
878.2	0.00009288
878.4	0.00009438
878.6	0.00009590
878.8	0.00009745
879	0.00009903
879.2	0.00010063
879.4	0.00010226
879.6	0.00010391
879.8	0.00010559
880	0.00010730
880.2	0.00010843
880.4	0.00010918
880.6	0.00010994
880.8	0.00011070
881	0.00011147
881.2	0.00011224
881.4	0.00011302
881.6	0.00011381
881.8	0.00011460
882	0.00011539
882.2	0.00011395
882.4	0.00011188
882.6	0.00010985
882.8	0.00010786
883	0.00010590
883.2	0.00010397
883.4	0.00010209
883.6	0.00010023
883.8	0.00009841
884	0.00009662
884.2	0.00009509
884.4	0.00009359
884.6	0.00009212
884.8	0.00009067
885	0.00008924
885.2	0.00008783
885.4	0.00008645
885.6	0.00008509
885.8	0.00008375
886	0.00008243
886.2	0.00008166
886.4	0.00008207
886.6	0.00008248
886.8	0.00008289
887	0.00008331
887.2	0.00008373
887.4	0.00008415
887.6	0.00008457
887.8	0.00008499
888	0.00008542
888.2	0.00008508
888.4	0.00008391
888.6	0.00008274
888.8	0.00008160
889	0.00008047
889.2	0.00007935
889.4	0.00007825
889.6	0.00007717
889.8	0.00007610
890	0.00007505
890.2	0.00007416
890.4	0.00007336
890.6	0.00007257
890.8	0.00007179
891	0.00007102
891.2	0.00007026
891.4	0.00006950
891.6	0.00006876
891.8	0.00006802
892	0.00006729
892.2	0.00006427
892.4	0.00006084
892.6	0.00005760
892.8	0.00005454
893	0.00005163
893.2	0.00004888
893.4	0.00004628
893.6	0.00004382
893.8	0.00004148
894	0.00003927
894.2	0.00003808
894.4	0.00003695
894.6	0.00003585
894.8	0.00003479
895	0.00003376
895.2	0.00003276
895.4	0.00003179
895.6	0.00003085
895.8	0.00002993
896	0.00002904
896.2	0.00002871
896.4	0.00002978
896.6	0.00003088
896.8	0.00003202
897	0.00003320
897.2	0.00003443
897.4	0.00003571
897.6	0.00003703
897.8	0.00003840
898	0.00003982
898.2	0.00004106
898.4	0.00004203
898.6	0.00004303
898.8	0.00004406
899	0.00004511
899.2	0.00004618
899.4	0.00004728
899.6	0.00004840
899.8	0.00004956
900	0.00005074
900.2	0.00005293
900.4	0.00005587
900.6	0.00005898
900.8	0.00006226
901	0.00006572
901.2	0.00006937
901.4	0.00007322
901.6	0.00007729
901.8	0.00008159
902	0.00008613
902.2	0.00008955
902.4	0.00009273
902.6	0.00009603
902.8	0.00009944
903	0.00010297
903.2	0.00010664
903.4	0.00011043
903.6	0.00011435
903.8	0.00011842
904	0.00012263
904.2	0.00012180
904.4	0.00012079
904.6	0.00011979
904.8	0.00011880
905	0.00011782
905.2	0.00011684
905.4	0.00011588
905.6	0.00011492
905.8	0.00011397
906	0.00011302
906.2	0.00011196
906.4	0.00011055
906.6	0.00010916
906.8	0.00010779
907	0.00010644
907.2	0.00010510
907.4	0.00010378
907.6	0.00010247
907.8	0.00010118
908	0.00009991
908.2	0.00009845
908.4	0.00009675
908.6	0.00009508
908.8	0.00009344
909	0.00009183
909.2	0.00009024
909.4	0.00008868
909.6	0.00008715
909.8	0.00008564
910	0.00008416
910.2	0.00008437
910.4	0.00008565
910.6	0.00008695
910.8	0.00008827
911	0.00008961
911.2	0.00009098
911.4	0.00009236
911.6	0.00009376
911.8	0.00009519
912	0.00009664
912.2	0.00009953
912.4	0.00010289
912.6	0.00010637
912.8	0.00010997
913	0.00011370
913.2	0.00011754
913.4	0.00012152
913.6	0.00012563
913.8	0.00012989
914	0.00013428
914.2	0.00013573
914.4	0.00013710
914.6	0.00013848
914.8	0.00013988
915	0.00014129
915.2	0.00014272
915.4	0.00014416
915.6	0.00014562
915.8	0.00014709
916	0.00014857
916.2	0.00014908
916.4	0.00014659
916.6	0.00014414
916.8	0.00014173
917	0.00013936
917.2	0.00013703
917.4	0.00013474
917.6	0.00013249
917.8	0.00013027
918	0.00012810
918.2	0.00012544
918.4	0.00012217
918.6	0.00011898
918.8	0.00011588
919	0.00011286
919.2	0.00010991
919.4	0.00010705
919.6	0.00010426
919.8	0.00010154
920	0.00009889
920.2	0.00009739
920.4	0.00009660
920.6	0.00009581
920.8	0.00009503
921	0.00009426
921.2	0.00009349
921.4	0.00009273
921.6	0.00009197
921.8	0.00009122
922	0.00009048
922.2	0.00009117
922.4	0.00009223
922.6	0.00009331
922.8	0.00009440
923	0.00009550
923.2	0.00009661
923.4	0.00009774
923.6	0.00009887
923.8	0.00010003
924	0.00010119
924.2	0.00010332
924.4	0.00010551
924.6	0.00010774
924.8	0.00011001
925	0.00011234
925.2	0.00011471
925.4	0.00011714
925.6	0.00011961
925.8	0.00012214
926	0.00012472
926.2	0.00012676
926.4	0.00012693
926.6	0.00012711
926.8	0.00012728
927	0.00012745
927.2	0.00012762
927.4	0.00012780
927.6	0.00012797
927.8	0.00012815
928	0.00012832
928.2	0.00012595
928.4	0.00012039
928.6	0.00011507
928.8	0.00010999
929	0.00010513
929.2	0.00010049
929.4	0.00009605
929.6	0.00009181
929.8	0.00008775
930	0.00008388
930.2	0.00007968
930.4	0.00007540
930.6	0.00007136
930.8	0.00006753
931	0.00006391
931.2	0.00006048
931.4	0.00005723
931.6	0.00005416
931.8	0.00005126
932	0.00004851
932.2	0.00004581
932.4	0.00004324
932.6	0.00004082
932.8	0.00003853
933	0.00003637
933.2	0.00003434
933.4	0.00003241
933.6	0.00003060
933.8	0.00002888
934	0.00002728
934.2	0.00002715
934.4	0.00002702
934.6	0.00002689
934.8	0.00002676
935	0.00002664
935.2	0.00002651
935.4	0.00002639
935.6	0.00002626
935.8	0.00002614
936	0.00002601
936.2	0.00002575
936.4	0.00002509
936.6	0.00002444
936.8	0.00002381
937	0.00002320
937.2	0.00002260
937.4	0.00002202
937.6	0.00002145
937.8	0.00002090
938	0.00002036
938.2	0.00001988
938.4	0.00001947
938.6	0.00001907
938.8	0.00001868
939	0.00001829
939.2	0.00001792
939.4	0.00001755
939.6	0.00001719
939.8	0.00001683
940	0.00001649
940.2	0.00001689
940.4	0.00001776
940.6	0.00001867
940.8	0.00001962
941	0.00002062
941.2	0.00002168
941.4	0.00002279
941.6	0.00002395
941.8	0.00002517
942	0.00002646
942.2	0.00002660
942.4	0.00002651
942.6	0.00002643
942.8	0.00002634
943	0.00002625
943.2	0.00002617
943.4	0.00002608
943.6	0.00002599
943.8	0.00002591
944	0.00002584
944.2	0.00002614
944.4	0.00002645
944.6	0.00002676
944.8	0.00002707
945	0.00002739
945.2	0.00002771
945.4	0.00002803
945.6	0.00002836
945.8	0.00002869
946	0.00002903
946.2	0.00002975
946.4	0.00003191
946.6	0.00003424
946.8	0.00003673
947	0.00003940
947.2	0.00004227
947.4	0.00004535
947.6	0.00004866
947.8	0.00005220
948	0.00005600
948.2	0.00006004
948.4	0.00006432
948.6	0.00006891
948.8	0.00007383
949	0.00007909
949.2	0.00008473
949.4	0.00009077
949.6	0.00009725
949.8	0.00010418
950	0.00011161
950.2	0.00011802
950.4	0.00012383
950.6	0.00012993
950.8	0.00013633
951	0.00014304
951.2	0.00015009
951.4	0.00015748
951.6	0.00016523
951.8	0.00017337
952	0.00018190
952.2	0.00017729
952.4	0.00017029
952.6	0.00016357
952.8	0.00015712
953	0.00015091
953.2	0.00014496
953.4	0.00013924
953.6	0.00013374
953.8	0.00012846
954	0.00012321
954.2	0.00011440
954.4	0.00010623
954.6	0.00009864
954.8	0.00009159
955	0.00008505
955.2	0.00007897
955.4	0.00007333
955.6	0.00006809
955.8	0.00006322
956	0.00005871
956.2	0.00005490
956.4	0.00005285
956.6	0.00005087
956.8	0.00004897
957	0.00004714
957.2	0.00004538
957.4	0.00004369
957.6	0.00004206
957.8	0.00004049
958	0.00003897
958.2	0.00003775
958.4	0.00003691
958.6	0.00003609
958.8	0.00003528
959	0.00003450
959.2	0.00003373
959.4	0.00003298
959.6	0.00003224
959.8	0.00003152
960	0.00003082
960.2	0.00003004
960.4	0.00002923
960.6	0.00002843
960.8	0.00002766
961	0.00002691
961.2	0.00002618
961.4	0.00002547
961.6	0.00002478
961.8	0.00002411
962	0.00002346
962.2	0.00002404
962.4	0.00002491
962.6	0.00002581
962.8	0.00002674
963	0.00002771
963.2	0.00002871
963.4	0.00002974
963.6	0.00003082
963.8	0.00003193
964	0.00003309
964.2	0.00003441
964.4	0.00003579
964.6	0.00003723
964.8	0.00003872
965	0.00004027
965.2	0.00004188
965.4	0.00004356
965.6	0.00004530
965.8	0.00004712
966	0.00004900
966.2	0.00005077
966.4	0.00005184
966.6	0.00005294
966.8	0.00005405
967	0.00005519
967.2	0.00005636
967.4	0.00005755
967.6	0.00005876
967.8	0.00006001
968	0.00006127
968.2	0.00006190
968.4	0.00006164
968.6	0.00006137
968.8	0.00006111
969	0.00006085
969.2	0.00006059
969.4	0.00006033
969.6	0.00006008
969.8	0.00005982
970	0.00005957
970.2	0.00005851
970.4	0.00005703
970.6	0.00005560
970.8	0.00005420
971	0.00005283
971.2	0.00005150
971.4	0.00005020
971.6	0.00004894
971.8	0.00004771
972	0.00004650
972.2	0.00004451
972.4	0.00004247
972.6	0.00004053
972.8	0.00003868
973	0.00003691
973.2	0.00003523
973.4	0.00003362
973.6	0.00003208
973.8	0.00003062
974	0.00002942
974.2	0.00003032
974.4	0.00003125
974.6	0.00003221
974.8	0.00003319
975	0.00003421
975.2	0.00003526
975.4	0.00003634
975.6	0.00003745
975.8	0.00003859
976	0.00003978
976.2	0.00004068
976.4	0.00003999
976.6	0.00003930
976.8	0.00003863
977	0.00003797
977.2	0.00003732
977.4	0.00003668
977.6	0.00003606
977.8	0.00003544
978	0.00003483
978.2	0.00003457
978.4	0.00003484
978.6	0.00003511
978.8	0.00003539
979	0.00003566
979.2	0.00003594
979.4	0.00003622
979.6	0.00003650
979.8	0.00003679
980	0.00003708
980.2	0.00003803
980.4	0.00003944
980.6	0.00004091
980.8	0.00004243
981	0.00004401
981.2	0.00004564
981.4	0.00004734
981.6	0.00004910
981.8	0.00005093
982	0.00005282
982.2	0.00005604
982.4	0.00005972
982.6	0.00006365
982.8	0.00006783
983	0.00007228
983.2	0.00007703
983.4	0.00008208
983.6	0.00008747
983.8	0.00009322
984	0.00009922
984.2	0.00010392
984.4	0.00010884
984.6	0.00011400
984.8	0.00011940
985	0.00012506
985.2	0.00013099
985.4	0.00013719
985.6	0.00014369
985.8	0.00015050
986	0.00015763
986.2	0.00016365
986.4	0.00016321
986.6	0.00016277
986.8	0.00016233
987	0.00016189
987.2	0.00016145
987.4	0.00016102
987.6	0.00016059
987.8	0.00016015
988	0.00015972
988.2	0.00015701
988.4	0.00015116
988.6	0.00014554
988.8	0.00014012
989	0.00013490
989.2	0.00012988
989.4	0.00012505
989.6	0.00012040
989.8	0.00011591
990	0.00011160
990.2	0.00010963
990.4	0.00010889
990.6	0.00010816
990.8	0.00010743
991	0.00010670
991.2	0.00010598
991.4	0.00010527
991.6	0.00010456
991.8	0.00010386
992	0.00010316
992.2	0.00010018
992.4	0.00009700
992.6	0.00009392
992.8	0.00009093
993	0.00008804
993.2	0.00008524
993.4	0.00008254
993.6	0.00007991
993.8	0.00007737
994	0.00007527
994.2	0.00007585
994.4	0.00007642
994.6	0.00007700
994.8	0.00007759
995	0.00007818
995.2	0.00007878
995.4	0.00007937
995.6	0.00007998
995.8	0.00008059
996	0.00008120
996.2	0.00008196
996.4	0.00008374
996.6	0.00008557
996.8	0.00008744
997	0.00008934
997.2	0.00009129
997.4	0.00009329
997.6	0.00009532
997.8	0.00009740
998	0.00009952
998.2	0.00010186
998.4	0.00010456
998.6	0.00010734
998.8	0.00011018
999	0.00011311
999.2	0.00011611
999.4	0.00011919
999.6	0.00012235
999.8	0.00012559
1000	0.00012892
1000.2	0.00013212
1000.4	0.00013525
1000.6	0.00013846
1000.8	0.00014174
1001	0.00014510
1001.2	0.00014854
1001.4	0.00015205
1001.6	0.00015566
1001.8	0.00015935
1002	0.00016312
1002.2	0.00016424
1002.4	0.00016484
1002.6	0.00016545
1002.8	0.00016606
1003	0.00016667
1003.2	0.00016728
1003.4	0.00016790
1003.6	0.00016852
1003.8	0.00016914
1004	0.00016987
1004.2	0.00017173
1004.4	0.00017361
1004.6	0.00017550
1004.8	0.00017742
1005	0.00017936
1005.2	0.00018132
1005.4	0.00018330
1005.6	0.00018531
1005.8	0.00018733
1006	0.00018938
1006.2	0.00019145
1006.4	0.00019354
1006.6	0.00018994
1006.8	0.00018371
1007	0.00017768
1007.2	0.00017184
1007.4	0.00016620
1007.6	0.00016075
1007.8	0.00015547
1008	0.00015037
1008.2	0.00014543
1008.4	0.00014065
1008.6	0.00014276
1008.8	0.00014573
1009	0.00014875
1009.2	0.00015184
1009.4	0.00015500
1009.6	0.00015821
1009.8	0.00016150
1010	0.00016485
1010.2	0.00016827
1010.4	0.00017143
1010.6	0.00017227
1010.8	0.00017311
1011	0.00017395
1011.2	0.00017480
1011.4	0.00017566
1011.6	0.00017651
1011.8	0.00017738
1012	0.00017824
1012.2	0.00017911
1012.4	0.00018102
1012.6	0.00018482
1012.8	0.00018869
1013	0.00019265
1013.2	0.00019670
1013.4	0.00020083
1013.6	0.00020504
1013.8	0.00020934
1014	0.00021374
1014.2	0.00021822
1014.4	0.00022495
1014.6	0.00023340
1014.8	0.00024217
1015	0.00025127
1015.2	0.00026071
1015.4	0.00027051
1015.6	0.00028067
1015.8	0.00029122
1016	0.00030216
1016.2	0.00031351
1016.4	0.00032580
1016.6	0.00033867
1016.8	0.00035206
1017	0.00036597
1017.2	0.00038043
1017.4	0.00039546
1017.6	0.00041109
1017.8	0.00042734
1018	0.00044422
1018.2	0.00046255
1018.4	0.00049163
1018.6	0.00052255
1018.8	0.00055541
1019	0.00059034
1019.2	0.00062746
1019.4	0.00066692
1019.6	0.00070886
1019.8	0.00075343
1020	0.00080081
1020.2	0.00085667
1020.4	0.00092905
1020.6	0.00100760
1020.8	0.00109270
1021	0.00118500
1021.2	0.00128510
1021.4	0.00139370
1021.6	0.00151150
1021.8	0.00163920
1022	0.00177770
1022.2	0.00192600
1022.4	0.00208520
1022.6	0.00225750
1022.8	0.00244400
1023	0.00264600
1023.2	0.00286460
1023.4	0.00310130
1023.6	0.00335760
1023.8	0.00363500
1024	0.00393540
1024.2	0.00422900
1024.4	0.00453690
1024.6	0.00486730
1024.8	0.00522160
1025	0.00560180
1025.2	0.00590800
1025.4	0.00621440
1025.6	0.00653660
1025.8	0.00687560
1026	0.00723220
1026.2	0.00760720
1026.4	0.00800170
1026.6	0.00841660
1026.8	0.00879940
1027	0.00896410
1027.2	0.00913190
1027.4	0.00930290
1027.6	0.00947700
1027.8	0.00965450
1028	0.00983520
1028.2	0.01001900
1028.4	0.01020700
1028.6	0.01024500
1028.8	0.01020200
1029	0.01015900
1029.2	0.01011600
1029.4	0.01007300
1029.6	0.01003000
1029.8	0.00998760
1030	0.00994530
1030.2	0.00989570
1030.4	0.00978570
1030.6	0.00967700
1030.8	0.00956940
1031	0.00946310
1031.2	0.00935790
1031.4	0.00925390
1031.6	0.00915110
1031.8	0.00904940
1032	0.00894690
1032.2	0.00884430
1032.4	0.00874280
1032.6	0.00864250
1032.8	0.00854330
1033	0.00844530
1033.2	0.00834840
1033.4	0.00825260
1033.6	0.00815760
1033.8	0.00805800
1034	0.00795960
1034.2	0.00786240
1034.4	0.00776640
1034.6	0.00767160
1034.8	0.00757790
1035	0.00748530
1035.2	0.00739390
1035.4	0.00733050
1035.6	0.00729390
1035.8	0.00725750
1036	0.00722130
1036.2	0.00718520
1036.4	0.00714930
1036.6	0.00711360
1036.8	0.00707810
1037	0.00704280
1037.2	0.00707340
1037.4	0.00710590
1037.6	0.00713860
1037.8	0.00717140
1038	0.00720440
1038.2	0.00723750
1038.4	0.00727070
1038.6	0.00730410
1038.8	0.00735700
1039	0.00743440
1039.2	0.00751270
1039.4	0.00759180
1039.6	0.00767180
1039.8	0.00775260
1040	0.00783420
1040.2	0.00791670
1040.4	0.00800010
1040.6	0.00820510
1040.8	0.00842620
1041	0.00865330
1041.2	0.00888640
1041.4	0.00912590
1041.6	0.00937180
1041.8	0.00962440
1042	0.00988370
1042.2	0.01020200
1042.4	0.01061500
1042.6	0.01104400
1042.8	0.01149000
1043	0.01195400
1043.2	0.01243700
1043.4	0.01294000
1043.6	0.01346300
1043.8	0.01400700
1044	0.01478700
1044.2	0.01564200
1044.4	0.01654700
1044.6	0.01750500
1044.8	0.01851800
1045	0.01958900
1045.2	0.02091400
1045.4	0.02232800
1045.6	0.02383700
1045.8	0.02554800
1046	0.02752300
1046.2	0.02964900
1046.4	0.03194100
1046.6	0.03440900
1046.8	0.03706800
1047	0.03993200
1047.2	0.04301800
1047.4	0.04634200
1047.6	0.04992300
1047.8	0.05272700
1048	0.05518400
1048.2	0.05775500
1048.4	0.06044600
1048.6	0.06326300
1048.8	0.06621000
1049	0.06929600
1049.2	0.07252500
1049.4	0.07590400
1049.6	0.07944100
1049.8	0.07783800
1050	0.07594800
1050.2	0.07410400
1050.4	0.07230400
1050.6	0.07054800
1050.8	0.06883500
1051	0.06716300
1051.2	0.06553200
1051.4	0.06394100
1051.6	0.06213700
1051.8	0.05938800
1052	0.05676000
1052.2	0.05424900
1052.4	0.05184800
1052.6	0.04955400
1052.8	0.04736200
1053	0.04526600
1053.2	0.04326300
1053.4	0.04134900
1053.6	0.03981300
1053.8	0.03867600
1054	0.03757100
1054.2	0.03649700
1054.4	0.03545400
1054.6	0.03444200
1054.8	0.03345800
1055	0.03250200
1055.2	0.03157300
1055.4	0.03067100
1055.6	0.03027200
1055.8	0.03006400
1056	0.02985700
1056.2	0.02965200
1056.4	0.02944800
1056.6	0.02924500
1056.8	0.02904400
1057	0.02884400
1057.2	0.02864600
1057.4	0.02844900
1057.6	0.02880400
1057.8	0.02917300
1058	0.02954600
1058.2	0.02992500
1058.4	0.03030800
1058.6	0.03069600
1058.8	0.03108900
1059	0.03148700
1059.2	0.03189000
1059.4	0.03243800
1059.6	0.03341600
1059.8	0.03442300
1060	0.03546000
1060.2	0.03652900
1060.4	0.03763000
1060.6	0.03876400
1060.8	0.03993200
1061	0.04113600
1061.2	0.04237600
1061.4	0.04403200
1061.6	0.04611200
1061.8	0.04828900
1062	0.05057000
1062.2	0.05295900
1062.4	0.05546000
1062.6	0.05808000
1062.8	0.06082300
1063	0.06369600
1063.2	0.06670400
1063.4	0.07001200
1063.6	0.07352600
1063.8	0.07721700
1064	0.08109200
1064.2	0.08516200
1064.4	0.08943600
1064.6	0.09392500
1064.8	0.09863900
1065	0.10400000
1065.2	0.11000000
1065.4	0.11800000
1065.6	0.12500000
1065.8	0.13300000
1066	0.14000000
1066.2	0.14700000
1066.4	0.15400000
1066.6	0.16200000
1066.8	0.17000000
1067	0.17900000
1067.2	0.18800000
1067.4	0.19700000
1067.6	0.20700000
1067.8	0.21500000
1068	0.22000000
1068.2	0.22600000
1068.4	0.23100000
1068.6	0.23700000
1068.8	0.24300000
1069	0.24800000
1069.2	0.25500000
1069.4	0.26100000
1069.6	0.26700000
1069.8	0.27000000
1070	0.27200000
1070.2	0.27400000
1070.4	0.27500000
1070.6	0.27700000
1070.8	0.27900000
1071	0.28000000
1071.2	0.28200000
1071.4	0.28400000
1071.6	0.28600000
1071.8	0.28800000
1072	0.29000000
1072.2	0.29200000
1072.4	0.29400000
1072.6	0.29600000
1072.8	0.29800000
1073	0.30000000
1073.2	0.30200000
1073.4	0.30400000
1073.6	0.30700000
1073.8	0.31100000
1074	0.31600000
1074.2	0.32000000
1074.4	0.32500000
1074.6	0.32900000
1074.8	0.33400000
1075	0.33900000
1075.2	0.34400000
1075.4	0.34800000
1075.6	0.35300000
1075.8	0.35800000
1076	0.36300000
1076.2	0.36800000
1076.4	0.37300000
1076.6	0.37800000
1076.8	0.38300000
1077	0.38800000
1077.2	0.39300000
1077.4	0.39900000
1077.6	0.40000000
1077.8	0.40100000
1078	0.40200000
1078.2	0.40300000
1078.4	0.40300000
1078.6	0.40400000
1078.8	0.40500000
1079	0.40600000
1079.2	0.40600000
1079.4	0.40600000
1079.6	0.40100000
1079.8	0.39500000
1080	0.39000000
1080.2	0.38400000
1080.4	0.37900000
1080.6	0.37400000
1080.8	0.36800000
1081	0.36300000
1081.2	0.35800000
1081.4	0.35300000
1081.6	0.34600000
1081.8	0.33900000
1082	0.33300000
1082.2	0.32600000
1082.4	0.32000000
1082.6	0.31400000
1082.8	0.30800000
1083	0.30200000
1083.2	0.29600000
1083.4	0.29200000
1083.6	0.28900000
1083.8	0.28500000
1084	0.28200000
1084.2	0.27900000
1084.4	0.27600000
1084.6	0.27300000
1084.8	0.27000000
1085	0.26700000
1085.2	0.26400000
1085.4	0.26300000
1085.6	0.26200000
1085.8	0.26200000
1086	0.26100000
1086.2	0.26000000
1086.4	0.26000000
1086.6	0.25900000
1086.8	0.25800000
1087	0.25800000
1087.2	0.25800000
1087.4	0.26000000
1087.6	0.26200000
1087.8	0.26400000
1088	0.26600000
1088.2	0.26900000
1088.4	0.27100000
1088.6	0.27300000
1088.8	0.27500000
1089	0.27800000
1089.2	0.27700000
1089.4	0.27300000
1089.6	0.26900000
1089.8	0.26500000
1090	0.26200000
1090.2	0.26900000
1090.4	0.27600000
1090.6	0.28400000
1090.8	0.29200000
1091	0.29600000
1091.2	0.30000000
1091.4	0.30400000
1091.6	0.30800000
1091.8	0.31100000
1092	0.31500000
1092.2	0.32000000
1092.4	0.32400000
1092.6	0.32800000
1092.8	0.33100000
1093	0.33200000
1093.2	0.33300000
1093.4	0.33400000
1093.6	0.33500000
1093.8	0.33600000
1094	0.33700000
1094.2	0.33800000
1094.4	0.33900000
1094.6	0.34000000
1094.8	0.33900000
1095	0.33700000
1095.2	0.33400000
1095.4	0.33200000
1095.6	0.33000000
1095.8	0.32700000
1096	0.32500000
1096.2	0.32300000
1096.4	0.32000000
1096.6	0.31800000
1096.8	0.31500000
1097	0.31200000
1097.2	0.30900000
1097.4	0.30500000
1097.6	0.30200000
1097.8	0.29900000
1098	0.29600000
1098.2	0.29300000
1098.4	0.29000000
1098.6	0.28700000
1098.8	0.28500000
1099	0.28300000
1099.2	0.28100000
1099.4	0.27900000
1099.6	0.27700000
1099.8	0.27500000
1100	0.27300000
1100.2	0.27100000
1100.4	0.26900000
1100.6	0.26800000
1100.8	0.26700000
1101	0.26700000
1101.2	0.26600000
1101.4	0.26600000
1101.6	0.26600000
1101.8	0.26500000
1102	0.26500000
1102.2	0.26400000
1102.4	0.26400000
1102.6	0.26500000
1102.8	0.26600000
1103	0.26700000
1103.2	0.26800000
1103.4	0.27000000
1103.6	0.27100000
1103.8	0.27200000
1104	0.27400000
1104.2	0.27500000
1104.4	0.27600000
1104.6	0.27900000
1104.8	0.28100000
1105	0.28400000
1105.2	0.28700000
1105.4	0.28900000
1105.6	0.29200000
1105.8	0.29500000
1106	0.29800000
1106.2	0.30000000
1106.4	0.30300000
1106.6	0.30600000
1106.8	0.30800000
1107	0.31100000
1107.2	0.31300000
1107.4	0.31600000
1107.6	0.31900000
1107.8	0.32100000
1108	0.32400000
1108.2	0.32700000
1108.4	0.32900000
1108.6	0.33000000
1108.8	0.33100000
1109	0.33200000
1109.2	0.33300000
1109.4	0.33400000
1109.6	0.33500000
1109.8	0.33600000
1110	0.33700000
1110.2	0.33800000
1110.4	0.33800000
1110.6	0.33700000
1110.8	0.33500000
1111	0.33400000
1111.2	0.33300000
1111.4	0.33200000
1111.6	0.33100000
1111.8	0.33000000
1112	0.32800000
1112.2	0.32700000
1112.4	0.32600000
1112.6	0.32400000
1112.8	0.32300000
1113	0.32100000
1113.2	0.32000000
1113.4	0.31900000
1113.6	0.31700000
1113.8	0.31600000
1114	0.31400000
1114.2	0.31300000
1114.4	0.31200000
1114.6	0.31200000
1114.8	0.31100000
1115	0.31000000
1115.2	0.30900000
1115.4	0.30900000
1115.6	0.30800000
1115.8	0.30700000
1116	0.30600000
1116.2	0.30700000
1116.4	0.30800000
1116.6	0.30900000
1116.8	0.31000000
1117	0.31000000
1117.2	0.31100000
1117.4	0.31200000
1117.6	0.31300000
1117.8	0.31400000
1118	0.31500000
1118.2	0.31900000
1118.4	0.32300000
1118.6	0.32800000
1118.8	0.33200000
1119	0.33600000
1119.2	0.34000000
1119.4	0.34500000
1119.6	0.34900000
1119.8	0.35400000
1120	0.35800000
1120.2	0.36200000
1120.4	0.36500000
1120.6	0.36900000
1120.8	0.37300000
1121	0.37700000
1121.2	0.38400000
1121.4	0.39100000
1121.6	0.39800000
1121.8	0.40500000
1122	0.41300000
1122.2	0.42500000
1122.4	0.43800000
1122.6	0.45000000
1122.8	0.46400000
1123	0.47700000
1123.2	0.48800000
1123.4	0.49900000
1123.6	0.51100000
1123.8	0.52300000
1124	0.53500000
1124.2	0.55100000
1124.4	0.56700000
1124.6	0.58500000
1124.8	0.60200000
1125	0.62000000
1125.2	0.63600000
1125.4	0.65200000
1125.6	0.66900000
1125.8	0.68600000
1126	0.70300000
1126.2	0.71400000
1126.4	0.72600000
1126.6	0.73800000
1126.8	0.75000000
1127	0.76200000
1127.2	0.76900000
1127.4	0.77700000
1127.6	0.78500000
1127.8	0.79300000
1128	0.80000000
1128.2	0.79900000
1128.4	0.79800000
1128.6	0.79700000
1128.8	0.79600000
1129	0.79500000
1129.2	0.78900000
1129.4	0.78400000
1129.6	0.77800000
1129.8	0.77300000
1130	0.76700000
1130.2	0.75700000
1130.4	0.74700000
1130.6	0.73700000
1130.8	0.72800000
1131	0.71800000
1131.2	0.70800000
1131.4	0.69800000
1131.6	0.68800000
1131.8	0.67800000
1132	0.66900000
1132.2	0.66100000
1132.4	0.65300000
1132.6	0.64600000
1132.8	0.63800000
1133	0.63100000
1133.2	0.62600000
1133.4	0.62100000
1133.6	0.61600000
1133.8	0.61100000
1134	0.60600000
1134.2	0.60200000
1134.4	0.59800000
1134.6	0.59400000
1134.8	0.59000000
1135	0.58600000
1135.2	0.58700000
1135.4	0.58700000
1135.6	0.58700000
1135.8	0.58700000
1136	0.58800000
1136.2	0.59100000
1136.4	0.59500000
1136.6	0.59900000
1136.8	0.60200000
1137	0.60600000
1137.2	0.61100000
1137.4	0.61700000
1137.6	0.62200000
1137.8	0.62700000
1138	0.63300000
1138.2	0.64500000
1138.4	0.65600000
1138.6	0.66800000
1138.8	0.68100000
1139	0.69300000
1139.2	0.70900000
1139.4	0.72600000
1139.6	0.74300000
1139.8	0.76000000
1140	0.77800000
1140.2	0.80000000
1140.4	0.82300000
1140.6	0.84700000
1140.8	0.87200000
1141	0.89700000
1141.2	0.92600000
1141.4	0.95600000
1141.6	0.98600000
1141.8	1.01800000
1142	1.05100000
1142.2	1.09100000
1142.4	1.13300000
1142.6	1.17600000
1142.8	1.22100000
1143	1.26700000
1143.2	1.32000000
1143.4	1.37400000
1143.6	1.43000000
1143.8	1.48900000
1144	1.55000000
1144.2	1.61800000
1144.4	1.68900000
1144.6	1.76300000
1144.8	1.84000000
1145	1.92100000
1145.2	1.99200000
1145.4	2.06500000
1145.6	2.14200000
1145.8	2.22100000
1146	2.30300000
1146.2	2.36900000
1146.4	2.43700000
1146.6	2.50700000
1146.8	2.57900000
1147	2.65300000
1147.2	2.70300000
1147.4	2.75500000
1147.6	2.80700000
1147.8	2.86000000
1148	2.91400000
1148.2	2.93400000
1148.4	2.95300000
1148.6	2.97300000
1148.8	2.99200000
1149	3.01000000
1149.2	2.99900000
1149.4	2.98800000
1149.6	2.97700000
1149.8	2.96600000
1150	2.95500000
1150.2	2.93200000
1150.4	2.90900000
1150.6	2.88600000
1150.8	2.86400000
1151	2.84100000
1151.2	2.81500000
1151.4	2.78900000
1151.6	2.76400000
1151.8	2.73900000
1152	2.71400000
1152.2	2.69600000
1152.4	2.67800000
1152.6	2.66000000
1152.8	2.64200000
1153	2.62500000
1153.2	2.62000000
1153.4	2.61500000
1153.6	2.61000000
1153.8	2.60500000
1154	2.60000000
1154.2	2.61400000
1154.4	2.62800000
1154.6	2.64300000
1154.8	2.65700000
1155	2.67200000
1155.2	2.69900000
1155.4	2.72700000
1155.6	2.75500000
1155.8	2.78300000
1156	2.81100000
1156.2	2.86500000
1156.4	2.92000000
1156.6	2.97500000
1156.8	3.03200000
1157	3.09000000
1157.2	3.17000000
1157.4	3.25300000
1157.6	3.33800000
1157.8	3.42500000
1158	3.51500000
1158.2	3.63700000
1158.4	3.76300000
1158.6	3.89400000
1158.8	4.02900000
1159	4.17000000
1159.2	4.34900000
1159.4	4.53500000
1159.6	4.73000000
1159.8	4.93300000
1160	5.14500000
1160.2	5.41300000
1160.4	5.69500000
1160.6	5.99200000
1160.8	6.30400000
1161	6.63300000
1161.2	7.01000000
1161.4	7.40800000
1161.6	7.82900000
1161.8	8.27300000
1162	8.74400000
1162.2	9.26600000
1162.4	9.82100000
1162.6	10.40800000
1162.8	11.03000000
1163	11.68500000
1163.2	12.25000000
1163.4	12.84100000
1163.6	13.46100000
1163.8	14.11100000
1164	14.77900000
1164.2	15.18300000
1164.4	15.59800000
1164.6	16.02400000
1164.8	16.46200000
1165	16.90700000
1165.2	16.88600000
1165.4	16.86500000
1165.6	16.84300000
1165.8	16.82200000
1166	16.79300000
1166.2	16.36300000
1166.4	15.94500000
1166.6	15.53700000
1166.8	15.13900000
1167	14.74800000
1167.2	14.22800000
1167.4	13.72600000
1167.6	13.24200000
1167.8	12.77500000
1168	12.32400000
1168.2	11.90500000
1168.4	11.49900000
1168.6	11.10800000
1168.8	10.72900000
1169	10.36600000
1169.2	10.04700000
1169.4	9.73800000
1169.6	9.43900000
1169.8	9.14900000
1170	8.86900000
1170.2	8.67500000
1170.4	8.48500000
1170.6	8.30000000
1170.8	8.11800000
1171	7.94200000
1171.2	7.81100000
1171.4	7.68200000
1171.6	7.55600000
1171.8	7.43100000
1172	7.31200000
1172.2	7.26500000
1172.4	7.21800000
1172.6	7.17100000
1172.8	7.12500000
1173	7.08000000
1173.2	7.06900000
1173.4	7.05700000
1173.6	7.04600000
1173.8	7.03500000
1174	7.02500000
1174.2	7.07600000
1174.4	7.12800000
1174.6	7.17900000
1174.8	7.23100000
1175	7.28500000
1175.2	7.36600000
1175.4	7.44800000
1175.6	7.53100000
1175.8	7.61500000
1176	7.70100000
1176.2	7.83600000
1176.4	7.97300000
1176.6	8.11300000
1176.8	8.25500000
1177	8.40000000
1177.2	8.56500000
1177.4	8.73200000
1177.6	8.90300000
1177.8	9.07700000
1178	9.25600000
1178.2	9.46700000
1178.4	9.68300000
1178.6	9.90500000
1178.8	10.13100000
1179	10.36200000
1179.2	10.57700000
1179.4	10.79600000
1179.6	11.01900000
1179.8	11.24700000
1180	11.48000000
1180.2	11.69900000
1180.4	11.92300000
1180.6	12.15100000
1180.8	12.38300000
1181	12.61900000
1181.2	12.77100000
1181.4	12.92500000
1181.6	13.08100000
1181.8	13.23900000
1182	13.39600000
1182.2	13.48300000
1182.4	13.57100000
1182.6	13.65900000
1182.8	13.74800000
1183	13.83700000
1183.2	13.81700000
1183.4	13.79800000
1183.6	13.77800000
1183.8	13.75800000
1184	13.73700000
1184.2	13.67500000
1184.4	13.61300000
1184.6	13.55200000
1184.8	13.49000000
1185	13.42900000
1185.2	13.30900000
1185.4	13.19000000
1185.6	13.07300000
1185.8	12.95600000
1186	12.84100000
1186.2	12.75100000
1186.4	12.66200000
1186.6	12.57400000
1186.8	12.48600000
1187	12.39900000
1187.2	12.30500000
1187.4	12.21200000
1187.6	12.12000000
1187.8	12.02800000
1188	11.93900000
1188.2	11.90700000
1188.4	11.87600000
1188.6	11.84400000
1188.8	11.81300000
1189	11.78200000
1189.2	11.77700000
1189.4	11.77200000
1189.6	11.76700000
1189.8	11.76200000
1190	11.75900000
1190.2	11.80000000
1190.4	11.84200000
1190.6	11.88400000
1190.8	11.92600000
1191	11.96900000
1191.2	12.06500000
1191.4	12.16200000
1191.6	12.26000000
1191.8	12.35900000
1192	12.45900000
1192.2	12.57300000
1192.4	12.68800000
1192.6	12.80400000
1192.8	12.92200000
1193	13.04100000
1193.2	13.21000000
1193.4	13.38100000
1193.6	13.55400000
1193.8	13.72900000
1194	13.90600000
1194.2	14.06400000
1194.4	14.22300000
1194.6	14.38500000
1194.8	14.54800000
1195	14.71300000
1195.2	14.86200000
1195.4	15.01200000
1195.6	15.16400000
1195.8	15.31700000
1196	15.47100000
1196.2	15.56900000
1196.4	15.66700000
1196.6	15.76600000
1196.8	15.86500000
1197	15.96100000
1197.2	15.94800000
1197.4	15.93600000
1197.6	15.92400000
1197.8	15.91200000
1198	15.89700000
1198.2	15.81500000
1198.4	15.73300000
1198.6	15.65200000
1198.8	15.57100000
1199	15.48900000
1199.2	15.30300000
1199.4	15.11900000
1199.6	14.93800000
1199.8	14.75800000
1200	14.58100000
