Wavelength (nm)	Normalized Intensity
196.099002	0
196.3067951	0
196.5145993	0
196.7224146	0
196.9302411	0
197.1380787	0
197.3459274	0
197.5537872	0
197.7616582	0
197.9695403	0
198.1774335	0
198.3853378	0
198.5932533	0
198.8011799	0
199.0091176	0
199.2170665	0
199.4250264	0
199.6329975	0
199.8409797	0
200.048973	0
200.2569774	0
200.464993	0
200.6730196	0
200.8810574	0
201.0891063	0
201.2971663	0
201.5052375	0
201.7133197	0
201.921413	0
202.1295175	0
202.3376331	0
202.5457597	0
202.7538975	0
202.9620464	0
203.1702064	0
203.3783775	0
203.5865597	0
203.794753	0
204.0029575	0
204.211173	0
204.4193996	0
204.6276373	0
204.8358861	0
205.0441461	0
205.2524171	0
205.4606992	0
205.6689924	0
205.8772967	0
206.0856121	0
206.2939386	0
206.5022762	0
206.7106249	0
206.9189847	0
207.1273556	0
207.3357375	0
207.5441306	0
207.7525347	0
207.96095	0
208.1693763	0
208.3778137	0
208.5862622	0
208.7947218	0
209.0031924	0
209.2116742	0
209.420167	0
209.6286709	0
209.8371859	0
210.045712	0
210.2542492	0
210.4627974	0
210.6713567	0
210.8799271	0
211.0885086	0
211.2971011	0
211.5057047	0
211.7143194	0
211.9229452	0
212.131582	0
212.3402299	0
212.5488889	0
212.757559	0
212.9662401	0
213.1749323	0
213.3836355	0
213.5923499	0
213.8010753	0
214.0098117	0
214.2185592	0
214.4273178	0
214.6360875	0
214.8448682	0
215.05366	0
215.2624628	0
215.4712767	0
215.6801016	0
215.8889377	0
216.0977847	0
216.3066429	0
216.515512	0
216.7243923	0
216.9332836	0
217.1421859	0
217.3510993	0
217.5600238	0
217.7689593	0
217.9779058	0
218.1868635	0
218.3958321	0
218.6048118	0
218.8138026	0
219.0228044	0
219.2318172	0
219.4408411	0
219.649876	0
219.858922	0
220.067979	0
220.2770471	0
220.4861262	0
220.6952163	0
220.9043175	0
221.1134297	0
221.322553	0
221.5316873	0
221.7408326	0
221.949989	0
222.1591564	0
222.3683348	0
222.5775243	0
222.7867248	0
222.9959364	0
223.2051589	0
223.4143925	0
223.6236372	0
223.8328928	0
224.0421595	0
224.2514372	0
224.460726	0
224.6700257	0
224.8793365	0
225.0886583	0
225.2979912	0
225.507335	0
225.7166899	0
225.9260558	0
226.1354327	0
226.3448206	0
226.5542196	0
226.7636296	0
226.9730506	0
227.1824826	0
227.3919256	0
227.6013796	0
227.8108447	0
228.0203208	0
228.2298078	0
228.4393059	0
228.648815	0
228.8583351	0
229.0678663	0
229.2774084	0
229.4869615	0
229.6965256	0
229.9061008	0
230.1156869	0
230.3252841	0
230.5348923	0
230.7445114	0
230.9541416	0
231.1637827	0
231.3734349	0
231.5830981	0
231.7927722	0
232.0024574	0
232.2121536	0
232.4218607	0
232.6315789	0
232.841308	0
233.0510481	0
233.2607993	0
233.4705614	0
233.6803345	0
233.8901186	0
234.0999137	0
234.3097198	0
234.5195369	0
234.7293649	0
234.939204	0
235.149054	0
235.358915	0
235.568787	0
235.77867	0
235.988564	0
236.198469	0
236.4083849	0
236.6183118	0
236.8282497	0
237.0381986	0
237.2481584	0
237.4581293	0
237.6681111	0
237.8781039	0
238.0881076	0
238.2981224	0
238.5081481	0
238.7181847	0
238.9282324	0
239.138291	0
239.3483606	0
239.5584412	0
239.7685327	0
239.9786352	0
240.1887487	0
240.3988731	0
240.6090085	0
240.8191549	0
241.0293122	0
241.2394805	0
241.4496597	0
241.6598499	0
241.8700511	0
242.0802633	0
242.2904864	0
242.5007204	0
242.7109654	0
242.9212214	0
243.1314883	0
243.3417662	0
243.552055	0
243.7623548	0
243.9726656	0
244.1829873	0
244.3933199	0
244.6036635	0
244.814018	0
245.0243835	0
245.23476	0
245.4451474	0
245.6555457	0
245.865955	0
246.0763752	0
246.2868064	0
246.4972485	0
246.7077016	0
246.9181656	0
247.1286405	0
247.3391264	0
247.5496232	0
247.760131	0
247.9706497	0
248.1811793	0
248.3917199	0
248.6022714	0
248.8128338	0
249.0234072	0
249.2339915	0
249.4445868	0
249.655193	0
249.8658101	0
250.0764381	0
250.2870771	0
250.497727	0
250.7083878	0
250.9190595	0
251.1297422	0
251.3404358	0
251.5511404	0
251.7618558	0
251.9725822	0
252.1833195	0
252.3940677	0
252.6048268	0
252.8155969	0
253.0263779	0
253.2371698	0
253.4479726	0
253.6587863	0
253.869611	0
254.0804465	0
254.291293	0
254.5021504	0
254.7130187	0
254.9238979	0
255.134788	0
255.3456891	0
255.556601	0
255.7675239	0
255.9784576	0
256.1894023	0
256.4003579	0
256.6113244	0
256.8223018	0
257.0332901	0
257.2442892	0
257.4552993	0
257.6663203	0
257.8773523	0
258.0883951	0
258.2994488	0
258.5105134	0
258.7215889	0
258.9326753	0
259.1437725	0
259.3548807	0
259.5659998	0
259.7771298	0
259.9882707	0
260.1994224	0
260.4105851	0
260.6217586	0
260.8329431	0
261.0441384	0
261.2553446	0
261.4665617	0
261.6777897	0
261.8890285	0
262.1002783	0
262.3115389	0
262.5228105	0
262.7340929	0
262.9453862	0
263.1566903	0
263.3680054	0
263.5793313	0
263.7906681	0
264.0020158	0
264.2133744	0
264.4247439	0
264.6361242	0
264.8475154	0
265.0589174	0
265.2703304	0
265.4817542	0
265.6931889	0
265.9046344	0
266.1160909	0
266.3275582	0
266.5390363	0
266.7505254	0
266.9620253	0
267.1735361	0
267.3850577	0
267.5965902	0
267.8081335	0
268.0196878	0
268.2312529	0
268.4428288	0
268.6544156	0
268.8660133	0
269.0776218	0
269.2892412	0
269.5008715	0
269.7125126	0
269.9241645	0
270.1358274	0
270.347501	0
270.5591856	0
270.7708809	0
270.9825872	0
271.1943042	0
271.4060322	0
271.617771	0
271.8295206	0
272.0412811	0
272.2530524	0
272.4648346	0
272.6766276	0
272.8884315	0
273.1002462	0
273.3120717	0
273.5239081	0
273.7357554	0
273.9476134	0
274.1594824	0
274.3713621	0
274.5832527	0
274.7951541	0
275.0070664	0
275.2189895	0
275.4309235	0
275.6428683	0
275.8548239	0
276.0667903	0
276.2787676	0
276.4907557	0
276.7027547	0
276.9147644	0
277.126785	0
277.3388165	0
277.5508587	0
277.7629118	0
277.9749757	0
278.1870505	0
278.399136	0
278.6112324	0
278.8233396	0
279.0354576	0
279.2475865	0
279.4597262	0
279.6718767	0
279.884038	0
280.0962101	0
280.3083931	0
280.5205868	0
280.7327914	0
280.9450068	0
281.157233	0
281.36947	0
281.5817179	0
281.7939765	0
282.006246	0
282.2185263	0
282.4308173	0
282.6431192	0
282.8554319	0
283.0677554	0
283.2800898	0
283.4924349	0
283.7047908	0
283.9171575	0
284.1295351	0
284.3419234	0
284.5543225	0
284.7667325	0
284.9791532	0
285.1915847	0
285.4040271	0
285.6164802	0
285.8289441	0
286.0414189	0
286.2539044	0
286.4664007	0
286.6789078	0
286.8914257	0
287.1039544	0
287.3164939	0
287.5290442	0
287.7416052	0
287.9541771	0
288.1667597	0
288.3793532	0
288.5919574	0
288.8045724	0
289.0171982	0
289.2298348	0
289.4424821	0
289.6551403	0
289.8678092	0
290.0804889	0
290.2931794	0
290.5058807	0
290.7185927	0
290.9313155	0
291.1440491	0
291.3567935	0
291.5695487	0
291.7823146	0
291.9950913	0
292.2078788	0
292.420677	0
292.6334861	0
292.8463058	0
293.0591364	0
293.2719777	0
293.4848298	0
293.6976927	0
293.9105663	0
294.1234507	0
294.3363459	0
294.5492519	0
294.7621685	0
294.975096	0
295.1880342	0
295.4009832	0
295.613943	0
295.8269135	0
296.0398947	0
296.2528868	0
296.4658895	0
296.6789031	0
296.8919274	0
297.1049624	0
297.3180082	0
297.5310648	0
297.7441321	0
297.9572102	0
298.170299	0
298.3833985	0
298.5965088	0
298.8096299	0
299.0227617	0
299.2359043	0
299.4490576	0
299.6622216	0
299.8753964	0
300.088582	0
300.3017783	0
300.5149853	0
300.7282031	0
300.9414316	0
301.1546708	0
301.3679208	0
301.5811816	0
301.794453	0
302.0077352	0
302.2210282	0
302.4343318	0
302.6476463	0
302.8609714	0
303.0743073	0
303.2876539	0
303.5010112	0
303.7143793	0
303.9277581	0
304.1411477	0
304.3545479	0
304.5679589	0
304.7813806	0
304.9948131	0
305.2082562	0
305.4217101	0
305.6351748	0
305.8486501	0
306.0621362	0
306.2756329	0
306.4891404	0
306.7026587	0
306.9161876	0
307.1297273	0
307.3432777	0
307.5568388	0
307.7704106	0
307.9839931	0
308.1975863	0
308.4111903	0
308.624805	0
308.8384304	0
309.0520664	0
309.2657132	0
309.4793708	0
309.693039	0
309.9067179	0
310.1204075	0
310.3341079	0
310.5478189	0
310.7615407	0
310.9752732	0
311.1890163	0
311.4027702	0
311.6165347	0
311.83031	0
312.044096	0
312.2578926	0
312.4717	0
312.6855181	0
312.8993468	0
313.1131863	0
313.3270364	0
313.5408973	0
313.7547688	0
313.9686511	0
314.182544	0
314.3964476	0
314.6103619	0
314.8242869	0
315.0382226	0
315.252169	0
315.4661261	0
315.6800938	0
315.8940722	0
316.1080614	0
316.3220612	0
316.5360717	0
316.7500928	0
316.9641247	0
317.1781672	0
317.3922204	0
317.6062843	0
317.8203589	0
318.0344442	0
318.2485401	0
318.4626467	0
318.676764	0
318.890892	0
319.1050306	0
319.3191799	0
319.5333399	0
319.7475105	0
319.9616918	0
320.1758838	0
320.3900865	0
320.6042998	0
320.8185238	0
321.0327585	0
321.2470038	0
321.4612598	0
321.6755265	0
321.8898038	0
322.1040918	0
322.3183905	0
322.5326998	0
322.7470197	0
322.9613504	0
323.1756917	0
323.3900436	0
323.6044062	0
323.8187795	0
324.0331634	0
324.247558	0
324.4619632	0
324.6763791	0
324.8908057	0
325.1052429	0
325.3196907	0
325.5341492	0
325.7486183	0
325.9630981	0
326.1775886	0
326.3920897	0
326.6066014	0
326.8211238	0
327.0356568	0
327.2502005	0
327.4647548	0
327.6793197	0
327.8938953	0
328.1084816	0
328.3230785	0
328.537686	0
328.7523041	0
328.9669329	0
329.1815724	0
329.3962224	0
329.6108832	0
329.8255545	0
330.0402365	0
330.2549291	0
330.4696323	0
330.6843462	0
330.8990707	0
331.1138058	0
331.3285516	0
331.543308	0
331.758075	0
331.9728526	0
332.1876409	0
332.4024398	0
332.6172493	0
332.8320695	0
333.0469003	0
333.2617416	0
333.4765937	0
333.6914563	0
333.9063295	0
334.1212134	0
334.3361079	0
334.551013	0
334.7659287	0
334.9808551	0
335.195792	0
335.4107396	0
335.6256978	0
335.8406666	0
336.055646	0
336.270636	0
336.4856366	0
336.7006479	0
336.9156697	0
337.1307022	0
337.3457453	0
337.5607989	0
337.7758632	0
337.9909381	0
338.2060236	0
338.4211197	0
338.6362264	0
338.8513436	0
339.0664715	0
339.28161	0
339.4967591	0
339.7119188	0
339.9270891	0
340.14227	0
340.3574615	0
340.5726636	0
340.7878762	0
341.0030995	0
341.2183334	0
341.4335778	0
341.6488329	0
341.8640985	0
342.0793747	0
342.2946615	0
342.5099589	0
342.7252669	0
342.9405855	0
343.1559147	0
343.3712544	0
343.5866048	0
343.8019657	0
344.0173372	0
344.2327193	0
344.4481119	0
344.6635152	0
344.878929	0
345.0943534	0
345.3097884	0
345.5252339	0
345.7406901	0
345.9561568	0
346.1716341	0
346.3871219	0
346.6026204	0
346.8181294	0
347.0336489	0
347.2491791	0
347.4647198	0
347.6802711	0
347.8958329	0
348.1114054	0
348.3269884	0
348.5425819	0
348.758186	0
348.9738007	0
349.189426	0
349.4050618	0
349.6207082	0
349.8363651	0
350.0520326	0
350.2677107	0
350.4833993	0
350.6990985	0
350.9148082	0
351.1305285	0
351.3462594	0
351.5620008	0
351.7777527	0
351.9935152	0
352.2092883	0
352.4250719	0
352.6408661	0
352.8566708	0
353.0724861	0
353.2883119	0
353.5041483	0
353.7199952	0
353.9358526	0
354.1517206	0
354.3675992	0
354.5834883	0
354.7993879	0
355.0152981	0
355.2312188	0
355.4471501	0
355.6630919	0
355.8790442	0
356.0950071	0
356.3109805	0
356.5269645	0
356.742959	0
356.958964	0
357.1749796	0
357.3910057	0
357.6070423	0
357.8230895	0
358.0391472	0
358.2552154	0
358.4712942	0
358.6873835	0
358.9034833	0
359.1195936	0
359.3357145	0
359.5518459	0
359.7679878	0
359.9841403	0
360.2003032	0
360.4164767	0
360.6326607	0
360.8488553	0
361.0650603	0
361.2812759	0
361.497502	0
361.7137386	0
361.9299858	0
362.1462434	0
362.3625116	0
362.5787902	0
362.7950794	0
363.0113791	0
363.2276894	0
363.4440101	0
363.6603413	0
363.8766831	0
364.0930354	0
364.3093981	0
364.5257714	0
364.7421552	0
364.9585495	0
365.1749543	0
365.3913696	0
365.6077954	0
365.8242317	0
366.0406785	0
366.2571359	0
366.4736037	0
366.690082	0
366.9065708	0
367.1230701	0
367.3395799	0
367.5561003	0
367.7726311	0
367.9891724	0
368.2057242	0
368.4222865	0
368.6388592	0
368.8554425	0
369.0720363	0
369.2886405	0
369.5052553	0
369.7218805	0
369.9385163	0
370.1551625	0
370.3718192	0
370.5884864	0
370.805164	0
371.0218522	0
371.2385508	0
371.4552599	0
371.6719795	0
371.8887096	0
372.1054502	0
372.3222012	0
372.5389628	0
372.7557348	0
372.9725173	0
373.1893102	0
373.4061136	0
373.6229276	0
373.8397519	0
374.0565868	0
374.2734321	0
374.4902879	0
374.7071542	0
374.9240309	0
375.1409181	0
375.3578158	0
375.574724	0
375.7916426	0
376.0085717	0
376.2255112	0
376.4424612	0
376.6594217	0
376.8763926	0
377.093374	0
377.3103659	0
377.5273682	0
377.744381	0
377.9614042	0
378.1784379	0
378.3954821	0
378.6125367	0
378.8296018	0
379.0466773	0
379.2637633	0
379.4808597	0
379.6979666	0
379.9150839	0
380.1322117	0
380.34935	0
380.5664987	0
380.7836578	0
381.0008274	0
381.2180074	0
381.4351979	0
381.6523988	0
381.8696102	0
382.086832	0
382.3040643	0
382.521307	0
382.7385601	0
382.9558237	0
383.1730978	0
383.3903822	0
383.6076771	0
383.8249825	0
384.0422982	0
384.2596245	-0.000816369
384.4769611	0.006275313
384.6943082	-0.001344669
384.9116657	0.007328325
385.1290337	-0.0011452
385.3464121	0.004866904
385.5638009	-0.001858188
385.7812001	0.006638402
385.9986098	-0.001633637
386.2160299	0.006266711
386.4334604	-0.001350609
386.6509014	0.007115498
386.8683528	0.000730395
387.0858146	0.004610371
387.3032869	-0.000302887
387.5207695	0.006538017
387.7382626	-0.001712339
387.9557661	0.002683674
388.1732801	0.000740655
388.3908044	0.004078711
388.6083392	-0.001474738
388.8258844	0.007308308
389.04344	0.000783806
389.2610061	0.007370193
389.4785825	-0.000238719
389.6961694	0.004901216
389.9137667	-0.000758067
390.1313744	0.007465992
390.3489925	0.001115789
390.566621	0.004998647
390.78426	-0.000621964
391.0019093	0.003495831
391.2195691	0.002464623
391.4372392	0.004868819
391.6549198	0.000195197
391.8726108	0.00559665
392.0903122	0.000420784
392.308024	0.006138651
392.5257462	0.001678005
392.7434789	0.0060553
392.9612219	0.001698171
393.1789753	0.005803104
393.3967392	0.001807322
393.6145134	0.00523715
393.832298	0.001319172
394.0500931	0.005671666
394.2678985	0.002093765
394.4857143	0.005946536
394.7035406	0.000744582
394.9213772	0.006170515
395.1392242	0.001464839
395.3570817	0.006138271
395.5749495	0.003627804
395.7928277	0.007257978
396.0107163	0.002360807
396.2286153	0.007155318
396.4465247	0.003437554
396.6644445	0.005741938
396.8823747	0.005038387
397.1003152	0.007021136
397.3182662	0.003484408
397.5362275	0.008146837
397.7541993	0.005102322
397.9721814	0.00973557
398.1901739	0.006347406
398.4081768	0.007774879
398.6261901	0.007314528
398.8442137	0.009246544
399.0622478	0.00738597
399.2802922	0.011311914
399.498347	0.007199685
399.7164122	0.011749935
399.9344878	0.008506854
400.1525737	0.013968192
400.37067	0.010877395
400.5887767	0.015090185
400.8068938	0.010867523
401.0250212	0.015960403
401.2431591	0.010572105
401.4613073	0.017437113
401.6794658	0.013269515
401.8976348	0.018283734
402.1158141	0.015762992
402.3340038	0.021804671
402.5522039	0.015705403
402.7704143	0.022288491
402.9886351	0.018163369
403.2068663	0.024384389
403.4251078	0.01775926
403.6433597	0.027174534
403.8616219	0.021872997
404.0798946	0.028059573
404.2981776	0.023751579
404.5164709	0.031319035
404.7347746	0.028834975
404.9530887	0.034590298
405.1714132	0.030074678
405.389748	0.036855423
405.6080931	0.032718296
405.8264486	0.038736626
406.0448145	0.036400457
406.2631908	0.044228888
406.4815773	0.04118796
406.6999743	0.049150933
406.9183816	0.046721327
407.1367992	0.052272963
407.3552272	0.049360501
407.5736656	0.054992189
407.7921143	0.061460352
408.0105734	0.062026781
408.2290428	0.068409785
408.4475225	0.067403489
408.6660126	0.074868353
408.8845131	0.074005148
409.1030239	0.080713154
409.321545	0.078571995
409.5400765	0.087863196
409.7586184	0.085287731
409.9771705	0.091914373
410.1957331	0.091623837
410.4143059	0.098912607
410.6328891	0.100177948
410.8514827	0.108107451
411.0700866	0.108444125
411.2887008	0.119227131
411.5073253	0.115769693
411.7259602	0.127708608
411.9446055	0.129497796
412.163261	0.137728254
412.3819269	0.142036679
412.6006032	0.152182725
412.8192897	0.154436311
413.0379867	0.166547328
413.2566939	0.169050275
413.4754115	0.180566071
413.6941393	0.185235277
413.9128776	0.19782435
414.1316261	0.203336492
414.350385	0.215186066
414.5691542	0.219467985
414.7879338	0.231945596
415.0067236	0.240604512
415.2255238	0.256542225
415.4443343	0.260477808
415.6631551	0.277165845
415.8819863	0.282464827
416.1008278	0.29802591
416.3196796	0.309767443
416.5385417	0.326142547
416.7574141	0.341714955
416.9762969	0.362033874
417.1951899	0.37125712
417.4140933	0.396112046
417.633007	0.406955808
417.851931	0.426092794
418.0708654	0.437926254
418.28981	0.453709
418.508765	0.469985806
418.7277302	0.495676782
418.9467058	0.510333267
419.1656917	0.529284758
419.3846879	0.543042357
419.6036944	0.569252053
419.8227112	0.582762717
420.0417384	0.596914617
420.2607758	0.606232686
420.4798235	0.634327973
420.6988816	0.638587289
420.9179499	0.654161227
421.1370286	0.669945342
421.3561175	0.695009642
421.5752168	0.707978174
421.7943263	0.733702325
422.0134462	0.744549472
422.2325763	0.761667696
422.4517168	0.781312145
422.6708675	0.802299669
422.8900286	0.809260622
423.1091999	0.835921581
423.3283816	0.854294721
423.5475735	0.868289663
423.7667757	0.879694757
423.9859882	0.896480084
424.205211	0.894768853
424.4244441	0.911021527
424.6436875	0.926851292
424.8629412	0.942872755
425.0822052	0.939174043
425.3014795	0.954067731
425.520764	0.967689096
425.7400588	0.983404507
425.959364	0.981408787
426.1786794	0.990210979
426.3980051	0.984816752
426.617341	0.987499438
426.8366873	0.985334586
427.0560438	0.983455882
427.2754107	0.986772439
427.4947878	1
427.7141751	0.98650568
427.9335728	0.976070019
428.1529807	0.966582719
428.3723989	0.958801035
428.5918274	0.934803124
428.8112662	0.908975095
429.0307152	0.859721487
429.2501746	0.822207965
429.4696442	0.781463011
429.689124	0.754954801
429.9086141	0.726315421
430.1281146	0.721224238
430.3476252	0.710071689
430.5671462	0.698992074
430.7866774	0.674570484
431.0062189	0.665233468
431.2257706	0.64783274
431.4453326	0.64077365
431.6649049	0.626107124
431.8844874	0.627275858
432.1040803	0.602342639
432.3236833	0.589977214
432.5432967	0.576531162
432.7629203	0.568027129
432.9825541	0.550463597
433.2021982	0.548232119
433.4218526	0.535828208
433.6415172	0.524922947
433.8611921	0.50922499
434.0808773	0.501899053
434.3005727	0.483840425
434.5202783	0.474838413
434.7399942	0.455875357
434.9597204	0.444095505
435.1794568	0.417982012
435.3992035	0.409856958
435.6189604	0.396326077
435.8387276	0.394413364
436.058505	0.386418934
436.2782927	0.382557723
436.4980906	0.3707332
436.7178988	0.364968055
436.9377172	0.355929446
437.1575459	0.351043542
437.3773848	0.341584071
437.5972339	0.335672862
437.8170933	0.32306956
438.0369629	0.323393246
438.2568428	0.314707578
438.4767329	0.313659764
438.6966333	0.308036697
438.9165439	0.308958966
439.1364647	0.301042587
439.3563958	0.299736772
439.5763371	0.289278361
439.7962886	0.286871912
440.0162504	0.276789927
440.2362224	0.27201575
440.4562047	0.264557686
440.6761972	0.261397471
440.8961999	0.25580347
441.1162129	0.253706538
441.336236	0.244035756
441.5562694	0.240065581
441.7763131	0.232111003
441.9963669	0.228545392
442.216431	0.216724583
442.4365054	0.212342007
442.6565899	0.203049545
442.8766847	0.201269653
443.0967897	0.194232612
443.3169049	0.191497564
443.5370303	0.182244334
443.757166	0.180677181
443.9773119	0.172824628
444.197468	0.168009654
444.4176343	0.162583877
444.6378109	0.159126345
444.8579976	0.152686067
445.0781946	0.151837581
445.2984018	0.143256073
445.5186192	0.142244647
445.7388469	0.135271427
445.9590847	0.13442062
446.1793328	0.12825854
446.399591	0.126596685
446.6198595	0.120970377
446.8401382	0.119718223
447.0604271	0.113056484
447.2807262	0.112217021
447.5010356	0.107567556
447.7213551	0.1053973
447.9416848	0.098937512
448.1620248	0.099146105
448.3823749	0.094721323
448.6027353	0.094567775
448.8231058	0.089565754
449.0434866	0.088947155
449.2638776	0.083533739
449.4842787	0.085803332
449.7046901	0.079477418
449.9251117	0.079319071
450.1455434	0.074320662
450.3659854	0.075678521
450.5864376	0.072138607
450.8068999	0.07188463
451.0273725	0.069080493
451.2478552	0.070786857
451.4683482	0.065693155
451.6888513	0.066200448
451.9093646	0.062202341
452.1298882	0.063636349
452.3504219	0.059505403
452.5709658	0.059906385
452.7915199	0.05704917
453.0120842	0.058991833
453.2326586	0.055591338
453.4532433	0.056275951
453.6738381	0.053250221
453.8944432	0.053820012
454.1150584	0.050228317
454.3356838	0.051417765
454.5563194	0.047675295
454.7769651	0.049018571
454.9976211	0.044590974
455.2182872	0.046076282
455.4389635	0.043098967
455.65965	0.045070674
455.8803467	0.040899227
456.1010536	0.042438062
456.3217706	0.038667249
456.5424978	0.041287059
456.7632352	0.036710555
456.9839827	0.038582893
457.2047404	0.035180478
457.4255083	0.037073255
457.6462864	0.032600453
457.8670747	0.034870701
458.0878731	0.031750991
458.3086817	0.033175105
458.5295004	0.029959026
458.7503293	0.031905444
458.9711684	0.028580702
459.1920177	0.031372411
459.4128771	0.027036517
459.6337467	0.029006058
459.8546265	0.025356942
460.0755164	0.027465921
460.2964165	0.022519358
460.5173267	0.025911114
460.7382471	0.022416912
460.9591777	0.024508195
461.1801184	0.020516419
461.4010693	0.022912788
461.6220303	0.020316136
461.8430015	0.023005217
462.0639829	0.019242413
462.2849744	0.022642082
462.5059761	0.017588796
462.7269879	0.01942244
462.9480099	0.016611571
463.169042	0.019132797
463.3900843	0.01628496
463.6111367	0.019676886
463.8321993	0.018041064
464.053272	0.014566207
464.2743549	0.017430155
464.495448	0.0139319
464.7165511	0.01816966
464.9376645	0.013957556
465.1587879	0.015601622
465.3799215	0.013672744
465.6010653	0.015758339
465.8222192	0.013099354
466.0433832	0.013568714
466.2645574	0.01193888
466.4857418	0.014431819
466.7069362	0.011870735
466.9281408	0.013737973
467.1493556	0.009795302
467.3705805	0.012109195
467.5918155	0.01034269
467.8130606	0.012755528
468.0343159	0.010252859
468.2555814	0.012721827
468.4768569	0.009691702
468.6981426	0.011700874
468.9194384	0.010061277
469.1407444	0.011044235
469.3620605	0.008178694
469.5833867	0.009825674
469.8047231	0.008178803
470.0260695	0.010668653
470.2474261	0.007663654
470.4687929	0.010778347
470.6901697	0.008117034
470.9115567	0.010607235
471.1329538	0.006951208
471.3543611	0.009925332
471.5757784	0.007654592
471.7972059	0.008952301
472.0186435	0.007725203
472.2400912	0.008824415
472.461549	0.00744803
472.683017	0.008899721
472.9044951	0.006174229
473.1259833	0.008175791
473.3474816	0.006300734
473.56899	0.007782211
473.7905085	0.006836787
474.0120372	0.007277973
474.233576	0.005778991
474.4551248	0.007968184
474.6766838	0.005462579
474.8982529	0.007369867
475.1198321	0.005808304
475.3414215	0.007607493
475.5630209	0.005344588
475.7846304	0.006967833
476.0062501	0.00461962
476.2278798	0.007030828
476.4495197	0.004607369
476.6711697	0.007218735
476.8928297	0.004343128
477.1144999	0.006369906
477.3361802	0.004692751
477.5578705	0.00651049
477.779571	0.004630146
478.0012816	0.006419339
478.2230023	0.003387357
478.444733	0.006131167
478.6664739	0.004433282
478.8882249	0.006232773
479.1099859	0.003447951
479.3317571	0.006093841
479.5535383	0.003475771
479.7753297	0.005488196
479.9971311	0.00375125
480.2189427	0.005796899
480.4407643	0.003793023
480.662596	0.005521608
480.8844378	0.003647525
481.1062897	0.005572137
481.3281517	0.003672097
481.5500238	0.005157281
481.7719059	0.003477689
481.9937981	0.004990396
482.2157005	0.002997314
482.4376129	0.004931586
482.6595354	0.003639177
482.881468	0.004782428
483.1034106	0.00267747
483.3253634	0.004653644
483.5473262	0.002722733
483.7692991	0.004857265
483.9912821	0.002637727
484.2132751	0.004713224
484.4352782	0.002493436
484.6572915	0.004175198
484.8793147	0.003126981
485.1013481	0.00428968
485.3233915	0.003248793
485.545445	0.004447597
485.7675086	0.002209685
485.9895823	0.003805976
486.211666	0.0026354
486.4337598	0.003859516
486.6558637	0.002431341
486.8779776	0.004227921
487.1001016	0.002051131
487.3222357	0.00340691
487.5443798	0.001998338
487.766534	0.003561012
487.9886983	0.001811563
488.2108726	0.003645166
488.433057	0.00210461
488.6552514	0.004617788
488.8774559	0.001919006
489.0996705	0.003690084
489.3218951	0.002013501
489.5441298	0.003695355
489.7663746	0.001662992
489.9886294	0.003388383
490.2108943	0.002001598
490.4331692	0.002823072
490.6554542	0.001646686
490.8777492	0.004157046
491.1000543	0.001800792
491.3223694	0.004108466
491.5446946	0.001371162
491.7670298	0.003788273
491.9893751	0.00144123
492.2117305	0.002982006
492.4340959	0.001816999
492.6564713	0.003109575
492.8788568	0.001935367
493.1012523	0.003446353
493.3236579	0.001121194
493.5460735	0.004157572
493.7684992	0.001816887
493.9909349	0.003526135
494.2133806	0.001277516
494.4358364	0.003056515
494.6583023	0.001996418
494.8807781	0.003585122
495.103264	0.002074469
495.32576	0.003560886
495.548266	0.001045135
495.770782	0.003827741
495.9933081	0.002369573
496.2158442	0.003872838
496.4383903	0.001364344
496.6609465	0.004037785
496.8835127	0.000980541
497.1060889	0.002844458
497.3286752	0.001923964
497.5512715	0.003398346
497.7738778	0.00122381
497.9964942	0.003009464
498.2191205	0.000921024
498.441757	0.003725288
498.6644034	0.000997206
498.8870599	0.003050064
499.1097263	0.002032175
499.3324029	0.003030058
499.5550894	0.001348635
499.777786	0.002971496
500.0004925	0.001146013
500.2232091	0.003285113
500.4459358	0.001587106
500.6686724	0.00380554
500.8914191	0.001137917
501.1141757	0.003028074
501.3369424	0.000706086
501.5597192	0.00367345
501.7825059	0.001267949
502.0053026	0.003773592
502.2281094	0.001462724
502.4509262	0.002914434
502.673753	0.001198441
502.8965897	0.003489452
503.1194366	0.0012889
503.3422934	0.002933132
503.5651602	0.001614685
503.788037	0.003665939
504.0109239	0.001043984
504.2338207	0.003339737
504.4567276	0.001895407
504.6796445	0.003050018
504.9025713	0.000492472
505.1255082	0.00259173
505.3484551	0.000858658
505.571412	0.00288164
505.7943788	0.001625093
506.0173557	0.002346178
506.2403426	0.001571449
506.4633395	0.002767016
506.6863463	0.000686308
506.9093632	0.003332256
507.1323901	0.001238512
507.355427	0.002687634
507.5784738	0.0009164
507.8015307	0.002845394
508.0245975	0.00091377
508.2476744	0.002975118
508.4707612	0.000699247
508.693858	0.002429133
508.9169649	0.001433705
509.1400817	0.002345197
509.3632085	0.001632557
509.5863453	0.002516009
509.809492	0.001340126
510.0326488	0.002312065
510.2558155	0.001112035
510.4789923	0.002555642
510.702179	0.001463195
510.9253757	0.002439902
511.1485824	0.000669222
511.371799	0.003157107
511.5950257	0.001373947
511.8182623	0.002097762
512.0415089	0.001267345
512.2647655	0.00233986
512.488032	0.000933534
512.7113086	0.002589277
512.9345951	0.001400007
513.1578916	0.002487863
513.3811981	0.000807067
513.6045145	0.002738888
513.8278409	0.001228152
514.0511773	0.002242515
514.2745237	0.0010257
514.49788	0.003014618
514.7212463	0.001076529
514.9446225	0.002526272
515.1680088	0.000742738
515.391405	0.002592534
515.6148112	0.001401375
515.8382273	0.002565448
516.0616534	0.001176509
516.2850895	0.002292478
516.5085355	0.00070997
516.7319915	0.002775111
516.9554574	0.000667885
517.1789334	0.002642765
517.4024192	0.001162383
517.6259151	0.002488654
517.8494209	0.000893426
518.0729366	0.002458878
518.2964623	0.001378842
518.519998	0.002761055
518.7435436	0.001113497
518.9670992	0.001813104
519.1906647	0.001333221
519.4142402	0.002620996
519.6378257	0.001248201
519.8614211	0.001968558
520.0850264	0.000917908
520.3086417	0.002162999
520.5322669	0.001348789
520.7559021	0.000958772
520.9795473	0.002613085
521.2032024	0.000353908
521.4268674	0.002268351
521.6505424	0.001269241
521.8742273	0.002154868
522.0979222	0.000944999
522.321627	0.002617146
522.5453417	0.001081459
522.7690664	0.002933396
522.9928011	0.000852745
523.2165456	0.002907436
523.4403002	0.00106443
523.6640646	0.002565543
523.887839	0.000612522
524.1116233	0.002481525
524.3354176	0.000653375
524.5592218	0.002179694
524.7830359	0.001333326
525.00686	0.002450925
525.230694	0.001188059
525.454538	0.002856758
525.6783918	0.000947992
525.9022556	0.002203773
526.1261293	0.000545956
526.350013	0.002266263
526.5739066	0.001113335
526.7978101	0.002603019
527.0217235	0.000971488
527.2456469	0.003139271
527.4695802	0.000735404
527.6935234	0.003000844
527.9174766	0.000792517
528.1414396	0.002201135
528.3654126	0.00128224
528.5893955	0.002812581
528.8133883	0.001086358
529.0373911	0.00284506
529.2614037	0.000766516
529.4854263	0.002140521
529.7094588	0.000933853
529.9335012	0.002973157
530.1575536	0.001132048
530.3816158	0.002566719
530.605688	0.001188845
530.8297701	0.00257708
531.053862	0.000183833
531.2779639	0.002435151
531.5020758	0.001261738
531.7261975	0.002926792
531.9503291	0.001067433
532.1744706	0.001912241
532.3986221	0.001528685
532.6227834	0.002291338
532.8469547	0.00047851
533.0711359	0.002717647
533.2953269	0.001323266
533.5195279	0.002217652
533.7437388	0.001037919
533.9679596	0.002152126
534.1921902	0.00093408
534.4164308	0.002150522
534.6406813	0.000500662
534.8649417	0.00202874
535.089212	0.000451461
535.3134921	0.002150177
535.5377822	0.000970575
535.7620822	0.002974557
535.9863921	0.000543885
536.2107118	0.002729861
536.4350415	0.001122897
536.659381	0.002147498
536.8837305	0.00103652
537.1080898	0.002556152
537.332459	0.001624638
537.5568381	0.001812079
537.7812271	0.000992733
538.005626	0.002096123
538.2300348	0.000726253
538.4544534	0.002168057
538.678882	0.000963855
538.9033204	0.002737409
539.1277687	0.000540477
539.3522269	0.001818527
539.576695	0.000400471
539.801173	0.002666669
540.0256608	0.000331693
540.2501585	0.002276812
540.4746661	0.001414855
540.6991836	0.00253606
540.923711	0.000651777
541.1482482	0.002352761
541.3727953	0.000537419
541.5973523	0.002435151
541.8219192	0.000835271
542.0464959	0.001895881
542.2710826	0.001247338
542.495679	0.002236231
542.7202854	0.000717212
542.9449016	0.002570462
543.1695277	0.000810418
543.3941637	0.00237491
543.6188095	0.000468614
543.8434652	0.0021503
544.0681308	0.000402031
544.2928062	0.00289607
544.5174915	0.000708838
544.7421867	0.002423288
544.9668917	0.000769977
545.1916066	0.002046074
545.4163314	0.000524609
545.641066	0.001986956
545.8658105	0.00043607
546.0905648	0.002058451
546.315329	0.001200842
546.5401031	0.002420597
546.764887	0.000605144
546.9896807	0.002141323
547.2144844	0.001601718
547.4392979	0.002289917
547.6641212	0.000784873
547.8889544	0.002213888
548.1137974	0.000576519
548.3386503	0.002058839
548.563513	0.000384689
548.7883856	0.002166505
549.0132681	0.00067074
549.2381604	0.002194024
549.4630625	-6.09678E-06
549.6879745	0.001747485
549.9128963	0.000574777
550.137828	0.001888017
550.3627695	0.001198097
550.5877209	0.002351673
550.8126821	0.000532746
551.0376532	0.002029638
551.2626341	0.000724123
551.4876248	0.002122303
551.7126254	0.000949555
551.9376358	0.002128134
552.1626561	0.000605144
552.3876861	0.002504033
552.6127261	0.000753254
552.8377758	0.002128354
553.0628354	0.00173205
553.2879049	0.00193027
553.5129841	0.001073465
553.7380733	0.001880854
553.9631722	0.000909825
554.188281	0.002059895
554.4133995	0.000620307
554.638528	0.002124164
554.8636662	0.00035449
555.0888143	0.002121655
555.3139722	0.000927527
555.53914	0.002191851
555.7643175	0.000730273
555.9895049	0.001674572
556.2147021	0.000465634
556.4399092	0.001802092
556.665126	0.000604481
556.8903527	0.001914378
557.1155892	0.000668411
557.3408355	0.001993099
557.5660917	0.00088844
557.7913577	0.001986059
558.0166334	0.000826062
558.241919	0.002186386
558.4672144	0.000724396
558.6925197	0.002129302
558.9178347	0.000347293
559.1431596	0.001695598
559.3684943	0.000490705
559.5938387	0.001834032
559.819193	0.000605205
560.0445571	0.002568341
560.2699311	0.000724558
560.4953148	0.001788788
560.7207083	0.00084251
560.9461117	0.002035585
561.1715248	0.000773618
561.3969478	0.00192908
561.6223805	0.000546261
561.8478231	0.001685462
562.0732755	0.000414287
562.2987377	0.001658833
562.5242096	0.0003957
562.7496914	0.00159631
562.975183	0.000955706
563.2006844	0.001572674
563.4261955	0.001071916
563.6517165	0.001644086
563.8772473	0.00076956
564.1027879	0.001771111
564.3283382	0.0005204
564.5538984	0.001860987
564.7794684	0.000937524
565.0050481	0.001732197
565.2306377	0.000713586
565.456237	0.001759572
565.6818461	0.001112562
565.907465	0.002024466
566.1330937	0.000374922
566.3587322	0.001396404
566.5843805	0.00062864
566.8100386	0.001707391
567.0357065	0.0005158
567.2613841	0.001599086
567.4870715	0.000440639
567.7127687	0.001561506
567.9384757	0.000654667
568.1641925	0.001388438
568.3899191	0.00042889
568.6156554	0.001445147
568.8414015	0.000345812
569.0671574	0.001439463
569.2929231	0.000507323
569.5186986	0.001820292
569.7444838	0.000331122
569.9702788	0.001494336
570.1960836	0.000705356
570.4218982	0.001751208
570.6477225	0.00022459
570.8735566	0.001651053
571.0994005	0.000310301
571.3252542	0.001901916
571.5511176	0.00045008
571.7769908	0.002117359
572.0028737	5.16446E-05
572.2287665	0.001308876
572.454669	0.000497087
572.6805812	0.00134222
572.9065033	0.000111145
573.1324351	0.001504206
573.3583766	0.000538378
573.584328	0.00158954
573.8102891	0.000262117
574.0362599	0.001918755
574.2622405	0.00068992
574.4882309	0.001429534
574.714231	0.000441753
574.9402409	0.001501908
575.1662606	0.000145074
575.39229	0.001780906
575.6183291	8.68258E-05
575.8443781	0.001554815
576.0704367	0.000873696
576.2965052	0.001636155
576.5225834	0.00026373
576.7486713	0.001571295
576.974769	-3.16825E-05
577.2008764	0.001720586
577.4269936	0.000468394
577.6531205	0.001762154
577.8792572	0.000441258
578.1054037	0.001136072
578.3315599	0.001301396
578.5577258	0.000468215
578.7839015	0.0014093
579.0100869	0.0003507
579.236282	0.0012697
579.4624869	0.000481858
579.6887016	0.001319683
579.914926	-0.000209531
580.1411601	0.00187498
580.367404	0.000368885
580.5936576	0.001461839
580.819921	-1.02865E-05
581.046194	0.001467151
581.2724769	0.000568962
581.4987694	0.0016847
581.7250717	0.000347333
581.9513838	0.001191202
582.1777055	0.000596741
582.404037	0.001404266
582.6303782	0.000448851
582.8567292	0.001560158
583.0830899	0.00047639
583.3094603	0.001350743
583.5358405	0.00054467
583.7622304	0.001816063
583.98863	0.000262796
584.2150393	0.001529728
584.4414584	-0.000222937
584.6678871	0.001382265
584.8943256	0.000372358
585.1207739	0.001746476
585.3472318	0.000341687
585.5736995	0.001274313
585.8001769	9.91783E-05
586.026664	0.001865213
586.2531609	-0.000114334
586.4796674	0.001068922
586.7061837	0.000292434
586.9327097	0.001244013
587.1592454	-0.000196303
587.3857908	0.001384618
587.612346	0.00010894
587.8389108	0.000897785
588.0654854	0.000246327
588.2920697	0.001422137
588.5186637	4.45714E-05
588.7452674	0.001800094
588.9718808	-9.7063E-05
589.1985039	0.001079443
589.4251367	-0.000146161
589.6517793	0.001357123
589.8784315	0.000336312
590.1050935	0.001237769
590.3317651	0.00015264
590.5584465	0.00113481
590.7851376	5.25985E-05
591.0118383	0.001535193
591.2385488	-3.68582E-05
591.465269	0.001171245
591.6919988	0.000247836
591.9187384	0.001299392
592.1454877	0.000740452
592.3722467	0.001530742
592.5990153	0.00063017
592.8257937	0.001854154
593.0525818	7.56678E-05
593.2793795	0.001369572
593.506187	-0.000314512
593.7330041	0.001419692
593.9598309	3.66603E-05
594.1866675	0.00100731
594.4135137	0.000660197
594.6403696	0.00146596
594.8672352	0.000354771
595.0941105	0.001594875
595.3209955	0.000329731
595.5478901	0.001153435
595.7747945	0.000108371
596.0017085	0.001424287
596.2286323	2.57129E-05
596.4555657	0.001149384
596.6825087	0.000329069
596.9094615	0.00142711
597.136424	-6.94735E-05
597.3633961	0.001385345
597.5903779	0.000318442
597.8173694	0.001241461
598.0443706	4.13958E-06
598.2713814	0.000954806
598.498402	0.000544645
598.7254322	0.001608678
598.9524721	0.00029082
599.1795216	0.001221694
599.4065809	-0.000101254
599.6336498	0.001337908
599.8607283	9.09429E-05
600.0878166	0.002435277
600.3149145	0.000267797
600.5420221	0.000877299
600.7691393	0.00045666
600.9962663	0.001430012
601.2234029	0.000608386
601.4505491	0.001151538
601.677705	-0.000196678
601.9048706	0.001145638
602.1320459	0.00014695
602.3592308	0.001515009
602.5864254	0.000446545
602.8136296	0.001117578
603.0408435	-6.59166E-05
603.2680671	0.001422347
603.4953003	-0.000163149
603.7225432	0.001057219
603.9497958	-5.60375E-05
604.177058	0.001198262
604.4043298	-0.000110271
604.6316113	0.00116545
604.8589025	0.000337107
605.0862033	0.000872289
605.3135138	0.000155773
605.5408339	0.001433409
605.7681637	-0.000249662
605.9955031	0.001334319
606.2228522	-8.76538E-05
606.4502109	0.001217157
606.6775793	0.000386926
606.9049574	0.001147919
607.132345	-0.000113275
607.3597424	0.001023061
607.5871493	-1.40309E-05
607.8145659	0.001177273
608.0419922	-0.000331052
608.2694281	0.000729402
608.4968736	0.000167112
608.7243288	0.001069997
608.9517936	-1.88807E-05
609.1792681	0.001080195
609.4067522	-6.12281E-05
609.6342459	0.000626923
609.8617493	0.000181174
610.0892623	0.001236897
610.316785	-0.000221276
610.5443173	0.00146904
610.7718592	5.04607E-05
610.9994108	0.001277391
611.226972	0.000282719
611.4545428	0.000873731
611.6821232	-7.88323E-05
611.9097133	0.000992112
612.137313	0.000102397
612.3649224	0.000888268
612.5925413	6.73797E-05
612.8201699	0.000862694
613.0478082	0.000309785
613.275456	0.001317587
613.5031135	8.9264E-05
613.7307806	0.001087261
613.9584573	0.000315086
614.1861437	0.00111552
614.4138396	0.000292835
614.6415452	0.001274877
614.8692604	-0.00019954
615.0969853	0.000948967
615.3247197	5.45551E-05
615.5524638	0.000920886
615.7802175	0.000333692
616.0079808	0.000862329
616.2357537	1.11825E-05
616.4635362	0.00110208
616.6913284	-0.00015231
616.9191301	0.000721817
617.1469415	0.000396626
617.3747625	0.001516338
617.6025931	-0.000162919
617.8304333	0.000894822
618.0582831	9.96034E-06
618.2861425	0.001169068
618.5140115	5.29378E-06
618.7418902	0.001041836
618.9697784	9.68993E-05
619.1976763	0.001023811
619.4255837	-0.000115716
619.6535008	0.001021091
619.8814274	0.000185064
620.1093637	0.000801074
620.3373095	0.000324849
620.565265	0.000901321
620.7932301	-4.86465E-05
621.0212047	0.000918469
621.249189	0.000458574
621.4771829	0.00059326
621.7051863	0.00020929
621.9331994	0.000749895
622.161222	-4.4276E-05
622.3892543	0.000797456
622.6172961	-4.82669E-05
622.8453475	0.001259551
623.0734085	5.2618E-05
623.3014791	0.000942783
623.5295593	0.000366565
623.7576491	0.001083744
623.9857485	0.000121882
624.2138575	0.000939121
624.441976	-0.000179028
624.6701042	0.000689585
624.8982419	6.10895E-05
625.1263892	0.001271432
625.3545461	-0.000320619
625.5827126	0.000902389
625.8108887	0.000200891
626.0390743	0.001047589
626.2672695	-0.000224514
626.4954743	0.000954814
626.7236887	0.00013846
626.9519127	0.000951269
627.1801462	0.000147077
627.4083893	0.000937243
627.636642	0.000121313
627.8649043	0.001077047
628.0931762	-0.00021526
628.3214576	0.001400348
628.5497486	-0.000133803
628.7780491	0.001205309
629.0063593	0.000505381
629.234679	0.001275456
629.4630083	-0.000272382
629.6913471	0.000861479
629.9196955	-0.00042617
630.1480535	0.001221677
630.376421	0.000186804
630.6047982	0.000498962
630.8331848	-0.000181306
631.0615811	0.001336867
631.2899869	-2.92218E-05
631.5184023	0.001235466
631.7468272	-0.000454822
631.9752617	0.00131193
632.2037057	8.73144E-05
632.4321594	0.000781111
632.6606225	-0.000146304
632.8890953	0.000991742
633.1175776	6.62044E-05
633.3460694	0.001125481
633.5745708	-0.000247219
633.8030818	0.001159193
634.0316023	-0.000409912
634.2601323	0.001018414
634.488672	-0.000181548
634.7172211	0.001069031
634.9457798	0.000195951
635.1743481	0.001171575
635.4029259	-0.000798973
635.6315133	0.00123942
635.8601102	0.000449618
636.0887167	0.001426552
636.3173327	-9.18182E-05
636.5459582	-0.000192941
636.7745933	0.000693481
637.003238	-2.55815E-05
637.2318922	0.001060976
637.4605559	-0.000327093
637.6892292	0.000726678
637.917912	1.46573E-05
638.1466043	0.001083341
638.3753062	1.84463E-05
638.6040177	0.000957071
638.8327386	0.00010602
639.0614691	0.00093216
639.2902092	-6.19416E-05
639.5189588	0.001338416
639.7477179	-0.000102762
639.9764865	0.001038423
640.2052647	-2.18822E-05
640.4340524	0.001341442
640.6628496	-0.000282977
640.8916564	0.001420389
641.1204727	-0.000249741
641.3492985	0.000892097
641.5781339	-0.000312943
641.8069788	0.001017228
642.0358332	-5.23661E-05
642.2646971	0.000969361
642.4935706	-0.000210326
642.7224536	0.001069571
642.9513461	-7.89864E-05
643.1802481	0.001041332
643.4091597	-0.000133643
643.6380808	0.001242831
643.8670114	0.000151911
644.0959515	0.00131818
644.3249011	-0.000231994
644.5538603	0.000872699
644.782829	-0.000452629
645.0118071	0.000996116
645.2407948	-0.000232005
645.4697921	0.000837287
645.6987988	1.58862E-05
645.927815	0.000918231
646.1568408	-0.000362287
646.3858761	0.001423253
646.6149208	-0.00014748
646.8439751	0.001324534
647.0730389	-0.000132264
647.3021122	0.000723594
647.5311951	-0.00022189
647.7602874	0.001368421
647.9893892	-0.000165295
648.2185006	0.001028549
648.4476214	-0.000373751
648.6767517	0.000996542
648.9058916	-0.000324762
649.1350409	0.001324314
649.3641998	-0.000385181
649.5933681	0.000898345
649.822546	-0.000429612
650.0517333	0.001121846
650.2809302	-0.000247786
650.5101365	0.00093715
650.7393524	-0.000521075
650.9685777	0.00105376
651.1978125	-0.000618486
651.4270569	0.001026608
651.6563107	0.000153792
651.885574	0.000886404
652.1148468	-0.000154135
652.3441291	0.000854528
652.5734209	0.00032919
652.8027222	0.000696066
653.0320329	-0.000548508
653.2613532	0.000586036
653.4906829	-0.000581333
653.7200222	0.001134853
653.9493709	-0.00033125
654.1787291	0.000943023
654.4080968	-0.000450314
654.6374739	0.000850858
654.8668606	-0.000655161
655.0962567	0.000458263
655.3256623	-0.000629916
655.5550774	0.00098721
655.784502	-0.000357372
656.013936	0.000466661
656.2433796	-0.000539862
656.4728326	0.001014145
656.702295	-0.00013946
656.931767	0.000667629
657.1612484	-0.000529962
657.3907393	0.000883524
657.6202397	-0.000416191
657.8497496	0.000887198
658.0792689	-0.000422586
658.3087977	0.000906383
658.5383359	-0.000177458
658.7678837	0.00060154
658.9974409	-0.000597046
659.2270075	0.000497869
659.4565837	7.65737E-05
659.6861693	0.000524557
659.9157643	-0.000578142
660.1453689	0.000788661
660.3749829	-0.000651684
660.6046063	0.001046586
660.8342392	-0.000743408
661.0638816	0.000940482
661.2935335	-0.000603196
661.5231948	0.000518234
661.7528655	-0.000630433
661.9825457	0.000395272
662.2122354	-8.75904E-06
662.4419345	0.000714028
662.6716431	-0.00031969
662.9013612	0.000734811
663.1310887	-0.000233965
663.3608256	0.000518762
663.590572	0.000238514
663.8203279	0.000818217
664.0500932	-0.000437558
664.2798679	0.000643939
664.5096521	-0.000977633
664.7394458	0.000817854
664.9692489	-0.000206775
665.1990614	0.00065673
665.4288834	-5.30173E-05
665.6587149	0.001111595
665.8885558	-0.000413719
666.1184061	0.000544669
666.3482659	-0.000409995
666.5781351	0.000337623
666.8080137	-0.000498374
667.0379018	-3.50014E-05
667.2677994	-0.000247837
667.4977063	0.000236079
667.7276228	-0.000301658
667.9575486	0.000698663
668.1874839	-5.43805E-05
668.4174286	0.000882232
668.6473828	-0.000380175
668.8773464	0.001107959
669.1073194	-0.000511752
669.3373019	0.000937127
669.5672938	-0.000536832
669.7972951	0.000426868
670.0273058	-0.000445052
670.257326	0.000889986
670.4873556	-0.000489629
670.7173947	0.000555754
670.9474432	-0.000362366
671.1775011	0.000932533
671.4075684	-0.000566041
671.6376451	0.000448214
671.8677313	-0.000494677
672.0978269	0.000179067
672.3279319	-5.44371E-05
672.5580463	0.000659654
672.7881702	-0.00029786
673.0183035	0.00064346
673.2484462	-0.000413218
673.4785983	0.00017875
673.7087599	-0.000359569
673.9389308	0.000812148
674.1691112	-0.000134181
674.399301	0.000554925
674.6295002	-0.000359237
674.8597088	0.000497882
675.0899268	-0.000142073
675.3201543	0.00059584
675.5503911	9.11135E-05
675.7806374	0.000458375
676.010893	-0.000318538
676.2411581	0.000444573
676.4714326	-0.000709079
676.7017165	0.000662489
676.9320098	-0.000212907
677.1623125	0.000479353
677.3926247	-0.000177278
677.6229462	0.000958882
677.8532771	-0.000403475
678.0836174	0.00103538
678.3139672	-0.000447492
678.5443263	0.000556868
678.7746948	-0.000189942
679.0050728	0.000773943
679.2354601	-0.000445385
679.4658568	0.00057292
679.696263	-0.000435426
679.9266785	0.000659487
680.1571034	-0.00051693
680.3875377	0.000587672
680.6179814	-0.00029735
680.8484345	0.000388081
681.078897	-0.000401326
681.3093689	0.000463042
681.5398502	-0.000206952
681.7703409	0.000480888
682.0008409	-0.000370793
682.2313504	0.000741792
682.4618692	-1.77259E-05
682.6923974	0.000833645
682.9229351	-0.000308625
683.1534821	0.000785779
683.3840384	-0.000209729
683.6146042	0.000620522
683.8451794	1.50174E-05
684.0757639	0.000240953
684.3063578	-0.000566883
684.5369611	0.00052697
684.7675738	-0.000364325
684.9981958	0.000559431
685.2288272	-0.000254236
685.4594681	0.000578208
685.6901182	-0.000478255
685.9207778	0.000540551
686.1514467	-0.000447971
686.3821251	0.000452514
686.6128127	-0.000208322
686.8435098	7.74179E-05
687.0742162	-0.000348552
687.304932	0.00059923
687.5356572	-0.000180412
687.7663918	0.00043303
687.9971357	-0.000255191
688.227889	0.000748707
688.4586516	-0.000572485
688.6894236	0.000312247
688.920205	-0.000280663
689.1509958	0.000563495
689.3817959	-0.000587891
689.6126053	0.000378958
689.8434242	-0.000447897
690.0742524	0.000370874
690.3050899	-0.000419678
690.5359369	0.000623544
690.7667931	-0.000678052
690.9976588	3.2133E-05
691.2285338	-0.000681848
691.4594181	0.000289521
691.6903119	-0.000687283
691.9212149	0.000495683
692.1521273	-0.000722251
692.3830491	0.000578456
692.6139803	-0.000116326
692.8449207	0.000915737
693.0758706	-0.000200689
693.3068298	0.000524225
693.5377983	-0.000681595
693.7687762	0.000750117
693.9997634	-0.000689629
694.23076	0.000842999
694.4617659	-0.000897583
694.6927812	0.00078012
694.9238058	-0.000326792
695.1548398	0.000605673
695.3858831	0.000440452
695.6169358	-0.000287139
695.8479978	0.000366428
696.0790691	-0.000524552
696.3101498	0.000360337
696.5412398	-0.000810981
696.7723391	0.000541983
697.0034478	-0.000871988
697.2345659	0.000392325
697.4656932	-0.000748318
697.6968299	0.000553854
697.927976	-0.000127859
698.1591314	0.000567295
698.3902961	-0.000622661
698.6214701	0.000636732
698.8526535	-0.000677296
699.0838462	0.000651496
699.3150482	-0.00056747
699.5462596	0.000296763
699.7774803	-0.000330894
700.0087103	0.00031702
700.2399497	-0.000575017
700.4711983	0.000410795
700.7024563	-0.000594601
700.9337237	0.000343329
701.1650003	-0.000622472
701.3962863	0.00067491
701.6275816	-0.000442611
701.8588862	0.000342184
702.0902002	-0.0007109
702.3215234	0.000456459
702.552856	-0.000317526
702.7841979	0.000449696
703.0155491	-0.000475302
703.2469097	0.000543447
703.4782795	-0.000359284
703.7096587	0.000739015
703.9410472	-0.000981398
704.172445	0.000748183
704.4038521	-0.000888367
704.6352685	0.000483778
704.8666942	-0.000661221
705.0981293	0.000860388
705.3295736	-0.000757895
705.5610273	0.00058097
705.7924903	-0.000238328
706.0239625	0.000942945
706.2554441	-0.000745523
706.486935	0.000483606
706.7184352	-0.000975883
706.9499447	0.001035996
707.1814635	-0.000785028
707.4129916	0.000142162
707.644529	-0.0008691
707.8760758	0.000913199
708.1076318	-0.000736951
708.3391971	0.00118966
708.5707717	-0.000185398
708.8023556	0.000643611
709.0339488	-0.00012252
709.2655513	0.00076589
709.4971631	-0.000430518
709.7287842	0.000905608
709.9604146	-0.000531296
710.1920543	0.000402283
710.4237033	-0.000194043
710.6553615	0.00102463
710.8870291	-0.00035987
711.1187059	0.000614233
711.3503921	-0.000971188
711.5820875	0.000648229
711.8137922	-0.000336547
712.0455062	0.000323408
712.2772295	-0.000672033
712.5089621	0.000960141
712.7407039	-0.00015464
712.9724551	0.000843017
713.2042155	-0.000336268
713.4359852	0.000491618
713.6677642	-0.000982588
713.8995525	0.000757964
714.13135	-0.000662695
714.3631569	0.000695688
714.594973	-0.000573013
714.8267984	0.000638701
715.058633	-0.00026354
715.290477	0.00089946
715.5223302	-0.000407693
715.7541927	8.88256E-05
715.9860645	-0.000526491
716.2179455	0.000571906
716.4498358	-0.000640476
716.6817354	0.000565001
716.9136442	-0.000400335
717.1455624	0.000481948
717.3774898	-0.000869053
717.6094264	0.000915841
717.8413723	-0.000706435
718.0733275	0.00064389
718.305292	-0.000489255
718.5372657	0.000463577
718.7692487	-0.0010298
719.001241	0.000362216
719.2332425	-0.000412612
719.4652533	0.000953045
719.6972733	-0.000627775
719.9293026	0.00048787
720.1613412	0.000256946
720.393389	0.000389014
720.6254461	-0.000310239
720.8575124	0.000747946
721.089588	-0.000353499
721.3216728	0.000288151
721.5537669	-0.001073145
721.7858703	0.000885695
722.0179829	-0.000690843
722.2501048	0.000693851
722.4822359	-0.000506097
722.7143762	0.0006815
722.9465258	-0.000477954
723.1786847	0.000150623
723.4108528	-0.00058235
723.6430302	0.000418624
723.8752168	-0.000738134
724.1074126	0.000192965
724.3396177	-0.000857536
724.5718321	0.000649527
724.8040557	-0.000526517
725.0362885	0.000536674
725.2685306	-0.000674783
725.5007819	0.000234885
725.7330424	-0.000566848
725.9653122	0.000558301
726.1975913	-0.00061322
726.4298796	0.000547099
726.6621771	-0.001066913
726.8944838	0.000722903
727.1267998	-0.001096106
727.359125	0.000631189
727.5914595	-0.000292289
727.8238032	0.000484009
728.0561561	-0.00063901
728.2885182	0.000713242
728.5208896	-0.00062709
728.7532702	0.00057215
728.9856601	-0.000107168
729.2180591	0.00057067
729.4504674	-0.000921385
729.682885	0.000823226
729.9153117	-0.000543484
730.1477477	0.000236647
730.3801929	-0.000387191
730.6126473	0.000513058
730.845111	-0.000159339
731.0775839	0.000915323
731.310066	-0.000130197
731.5425573	0.000471569
731.7750578	-0.000277094
732.0075676	0.00039457
732.2400865	-0.000230437
732.4726147	0.00049238
732.7051521	-0.000790476
732.9376988	0.000645495
733.1702546	-0.000613873
733.4028197	0.000371637
733.635394	-0.00019765
733.8679774	0.000834182
734.1005701	-0.000581667
734.333172	0.000747335
734.5657832	-0.00065609
734.7984035	0.000476205
735.031033	-0.000742208
735.2636718	0.000665695
735.4963197	-0.000440569
735.7289769	0.000659438
735.9616433	-0.000320935
736.1943188	0.000377577
736.4270036	-0.000630788
736.6596976	0.00035006
736.8924008	-0.001065721
737.1251132	0.000812693
737.3578348	-0.000439354
737.5905656	0.000315177
737.8233055	-0.000178234
738.0560547	0.000628922
738.2888131	-0.000376933
738.5215807	0.000622817
738.7543575	-0.000457596
738.9871435	0.000402521
739.2199386	-0.000309146
739.452743	0.000517647
739.6855565	-0.000554405
739.9183793	0.000800966
740.1512112	-0.000307031
740.3840524	0.00071753
740.6169027	-0.000736928
740.8497622	0.000100292
741.0826309	-0.000738457
741.3155088	0.000624629
741.5483959	-0.00075847
741.7812922	0.000825527
742.0141976	-0.000611622
742.2471122	0.000277001
742.4800361	-0.000718349
742.7129691	0.000455801
742.9459113	-0.000484911
743.1788626	0.00058135
743.4118232	-0.000712043
743.6447929	0.000821313
743.8777718	-0.000358152
744.1107599	0.000426544
744.3437571	-0.000878992
744.5767636	0.000517248
744.8097792	-0.000637383
745.042804	0.000433548
745.275838	-0.000685323
745.5088811	0.000351004
745.7419334	-0.000215005
745.9749949	0.000281405
746.2080656	-0.000761787
746.4411454	0.000184931
746.6742344	-0.000177546
746.9073326	0.00043921
747.1404399	-0.000448879
747.3735564	0.000406154
747.6066821	-0.000537846
747.8398169	0.000245507
748.0729609	-0.000266644
748.3061141	2.18795E-05
748.5392764	-0.000767887
748.7724479	0.000496282
749.0056285	-0.000736715
749.2388183	0.000161788
749.4720173	-0.000584222
749.7052255	0.000647931
749.9384427	-0.000678608
750.1716692	0.000265007
750.4049048	-0.000842512
750.6381496	0.000705445
750.8714035	-0.000485304
751.1046666	0.00023905
751.3379388	-0.000891402
751.5712202	0.000395829
751.8045107	-0.000559652
752.0378104	0.000208185
752.2711192	-0.000621457
752.5044372	0.000253861
752.7377644	-0.000308497
752.9711006	0.000578505
753.2044461	-0.000421759
753.4378007	0.001054288
753.6711644	-0.000442086
753.9045373	0.000643173
754.1379193	-0.000593829
754.3713104	0.000282314
754.6047107	-0.000339164
754.8381202	-0.000511676
755.0715388	0.00030155
755.3049665	-0.00062973
755.5384034	0.000476756
755.7718494	-0.000563146
756.0053045	0.000385145
756.2387688	-0.000477729
756.4722422	0.000626509
756.7057248	-0.000428212
756.9392165	0.00062824
757.1727173	-0.0004545
757.4062273	0.000258402
757.6397464	-0.000485147
757.8732746	0.000662637
758.1068119	-0.00070838
758.3403584	0.000310918
758.573914	-0.000123476
758.8074788	0.000620659
759.0410527	-0.000870572
759.2746357	0.000204063
759.5082278	-0.00060939
759.741829	0.00098868
759.9754394	-0.00051879
760.2090589	0.000623423
760.4426876	-0.000414625
760.6763253	0.000376868
760.9099722	-0.000953012
761.1436282	0.000544384
761.3772933	-0.000435887
761.6109675	0.000344372
761.8446509	-0.000369901
762.0783433	0.000312223
762.3120449	-0.000564414
762.5457556	0.000330407
762.7794754	-0.000535084
763.0132044	0.000529076
763.2469424	-0.000523231
763.4806896	0.000368384
763.7144458	-0.00073081
763.9482112	0.000379868
764.1819857	-0.000233853
764.4157693	0.000729766
764.649562	-0.000727955
764.8833638	0.000241138
765.1171748	-0.00071825
765.3509948	0.000598285
765.5848239	-0.000921061
765.8186622	0.000155676
766.0525095	-0.000601503
766.286366	0.00028778
766.5202315	-0.000763861
766.7541062	0.000381556
766.98799	-0.000562431
767.2218828	0.000789834
767.4557848	-0.000533517
767.6896958	0.000319471
767.923616	-0.000618156
768.1575453	0.00041057
768.3914836	-0.00082865
768.6254311	0.000287452
768.8593876	-0.000624039
769.0933532	0.000550401
769.327328	-0.000736479
769.5613118	0.000839065
769.7953047	-0.000836858
770.0293067	0.000554713
770.2633178	-0.000573777
770.497338	0.00051893
770.7313673	-0.000419601
770.9654056	0.000300615
771.1994531	-0.000594561
771.4335096	0.000368414
771.6675752	-0.000338887
771.90165	0.000465286
772.1357337	-0.000715569
772.3698266	0.000426757
772.6039286	-0.000799341
772.8380396	0.000339828
773.0721597	-0.000650681
773.3062889	0.000560454
773.5404272	-0.000581195
773.7745746	0.000611172
774.008731	-0.000732068
774.2428965	0.000336562
774.4770711	-0.000592327
774.7112548	0.00095305
774.9454475	-0.00075304
775.1796493	0.000720187
775.4138602	-0.000662881
775.6480802	0.000544204
775.8823092	-0.000918501
776.1165473	0.000997715
776.3507945	-0.000798535
776.5850507	0.000235046
776.819316	-0.000967105
777.0535904	0.00049557
777.2878738	-0.001081821
777.5221663	0.000493498
777.7564679	-0.000633893
777.9907785	0.000568994
778.2250982	-0.000615383
778.459427	0.000464479
778.6937648	-0.000591517
778.9281117	0.000605277
779.1624676	-0.001185004
779.3968326	0.000692838
779.6312067	-0.001076012
779.8655898	0.000918693
780.099982	-0.00082688
780.3343832	0.000687526
780.5687935	-0.001273471
780.8032129	0.00130545
781.0376413	-0.000429164
781.2720787	0.000570931
781.5065252	-0.001196077
781.7409808	0.000811593
781.9754454	-0.000616453
782.2099191	0.000798615
782.4444018	-0.000635191
782.6788935	0.001004004
782.9133943	-0.001090212
783.1479042	0.000911335
783.3824231	-0.000669241
783.616951	0.000401235
783.851488	-0.00041215
784.086034	0.000598913
784.3205891	-0.00133838
784.5551532	0.000815814
784.7897264	-0.00058044
785.0243086	0.001178789
785.2588998	-0.001318342
785.4935001	0.000380219
785.7281094	-0.000567175
785.9627278	0.000187241
786.1973552	-0.001206465
786.4319916	0.000893898
786.666637	-0.001203271
786.9012915	0.000389606
787.1359551	-0.000413992
787.3706276	0.000274933
787.6053092	-0.00090418
787.8399999	0.000847809
788.0746995	-0.000789966
788.3094082	0.000328691
788.5441259	-0.000820859
788.7788527	0.000763911
789.0135884	-0.000899657
789.2483332	0.000354071
789.483087	-0.00048534
789.7178499	0.000521569
789.9526218	-0.001054768
790.1874027	0.000722191
790.4221926	-0.000945038
790.6569915	0.000502636
790.8917995	-0.001295276
791.1266165	0.000544883
791.3614425	-0.000637646
791.5962775	0.00078942
791.8311215	-0.000590442
792.0659746	0.001430421
792.3008366	-0.001066455
792.5357077	0.000160595
792.7705878	-0.000570705
793.0054769	0.001103069
793.2403751	-0.00081836
793.4752822	0.000847958
793.7101983	-0.000880721
793.9451235	0.001010004
794.1800577	-0.001000267
794.4150009	0.000670029
794.649953	-0.000618615
794.8849142	0.000627551
795.1198844	-0.000937988
795.3548637	0.000982383
795.5898519	-0.000240218
795.8248491	0.000745716
796.0598553	-0.000736012
796.2948705	0.000326708
796.5298948	-0.000719633
796.764928	0.000343737
796.9999702	-0.000768982
797.2350215	0.001627614
797.4700817	-0.000638978
797.7051509	0.000566387
797.9402291	-0.000668894
798.1753164	0.001324552
798.4104126	-0.000881988
798.6455178	0.000536387
798.880632	-0.001036272
799.1157552	0.000502102
799.3508874	-0.001232106
799.5860286	0.000952004
799.8211787	-0.0012134
800.0563379	0.001025196
800.2915061	-0.000817003
800.5266832	0.00037127
800.7618693	-0.001151001
800.9970644	0.000757562
801.2322686	-0.00057346
801.4674816	0.000750018
801.7027037	-0.001712719
801.9379348	4.30236E-05
802.1731748	-0.000810437
802.4084238	0.000922877
802.6436818	-0.000952655
802.8789488	0.000735619
803.1142248	-0.001192826
803.3495097	0.000732987
803.5848037	-0.000550015
803.8201066	0.000887041
804.0554185	-0.000485422
804.2907393	0.000771383
804.5260691	-0.000698575
804.7614079	0.00070156
804.9967557	-0.000569778
805.2321125	0.000972219
805.4674782	-0.000985341
805.7028529	0.000577222
805.9382366	-0.000728306
806.1736292	0.001162123
806.4090308	-0.000720661
806.6444414	0.00111878
806.8798609	-0.00077861
807.1152894	0.00054385
807.3507269	-0.001196186
807.5861733	0.000589047
807.8216287	-0.000941153
808.0570931	0.00101593
808.2925664	-0.000901643
808.5280487	0.000640174
808.76354	-0.001006633
808.9990402	0.001234406
809.2345494	-0.001263861
809.4700675	0.001000752
809.7055946	-0.001468378
809.9411306	0.000713264
810.1766756	-0.001494302
810.4122296	3.01301E-05
810.6477925	-0.000817761
810.8833644	0.001110003
811.1189452	-0.001367176
811.354535	0.000999018
811.5901337	-0.000960376
811.8257414	0.000653089
812.061358	-0.001366287
812.2969835	0.000469951
812.5326181	-0.001398743
812.7682615	0.000689317
813.003914	-0.000596703
813.2395753	0.000433612
813.4752456	-0.000816859
813.7109249	0.000618774
813.9466131	-0.000734525
814.1823102	0.000531958
814.4180163	-0.001302824
814.6537313	0.000854386
814.8894553	0.000410379
815.1251882	-0.000724586
815.36093	0.000280001
815.5966808	-0.000492711
815.8324405	0.000987366
816.0682092	-0.000391309
816.3039868	0.001166854
816.5397733	-0.00104858
816.7755688	0.00074777
817.0113732	-0.000839781
817.2471865	0.000914039
817.4830088	-0.00125829
817.71884	0.00064467
817.9546801	-0.000518605
818.1905291	0.001168152
818.4263871	-0.000818641
818.662254	0.001225084
818.8981299	-9.47231E-05
819.1340146	0.000908215
819.3699083	-0.000635394
819.6058109	0.000874089
819.8417225	-0.001118813
820.0776429	0.000127408
820.3135723	-0.001024318
820.5495106	0.001132277
820.7854578	-0.001021547
821.021414	0.000711272
821.257379	-0.000431713
821.493353	0.000260974
821.7293359	-0.00052067
821.9653278	0.000838374
822.2013285	-0.000851914
822.4373381	0.001118171
822.6733567	-0.000860685
822.9093842	0.000989251
823.1454206	-0.000822596
823.3814659	0.000163856
823.6175201	-0.001079119
823.8535832	0.000961415
824.0896553	-0.000770331
824.3257362	0.000404178
824.5618261	-0.000885508
824.7979248	0.00052252
825.0340325	-0.000974715
825.2701491	0.000852005
825.5062745	-0.00015078
825.7424089	0.000226868
825.9785522	-0.001085861
826.2147044	0.000452008
826.4508655	7.353E-05
826.6870355	0.000166919
826.9232144	-0.001279114
827.1594022	0.001206768
827.3955989	-0.001297646
827.6318045	0.000817276
827.868019	-0.000711236
828.1042423	0.001185626
828.3404746	-0.000548164
828.5767158	0.001062565
828.8129659	-0.000798412
829.0492248	0.000548682
829.2854927	-0.00080657
829.5217694	0.000752588
829.7580551	-0.000237188
829.9943496	0.00050028
830.230653	-0.001258738
830.4669653	0.000785753
830.7032865	-0.001370026
830.9396166	0.000628932
831.1759556	-0.000905312
831.4123034	0.000908602
831.6486602	-0.00076125
831.8850258	0.000580631
832.1214003	-0.000771047
832.3577837	0.000989072
832.594176	-0.00076977
832.8305771	0.000896848
833.0669871	-0.0003508
833.303406	0.000815884
833.5398338	-0.000734676
833.7762705	0.000772992
834.012716	-0.00073669
834.2491705	0.00118168
834.4856338	-0.001037792
834.7221059	0.00120564
834.958587	-0.000792619
835.1950769	0.000330221
835.4315757	-0.000865091
835.6680833	-0.000186523
835.9045999	-0.001079322
836.1411253	0.000840457
836.3776595	-0.00076416
836.6142027	0.000419107
836.8507547	-0.000148254
837.0873155	0.000644199
837.3238853	-0.000896336
837.5604639	0.00075893
837.7970513	-0.000860663
838.0336477	0.000689374
838.2702529	-0.001204355
838.5068669	0.000639158
838.7434898	-0.000785383
838.9801216	0.001268662
839.2167622	-0.000492798
839.4534117	0.000423065
839.6900701	0.000342006
839.9267373	0.000421255
840.1634134	-0.000772999
840.4000983	0.000899551
840.6367921	-0.000784082
840.8734947	0.000341221
841.1102062	-0.000467171
841.3469265	0.001099757
841.5836557	-0.000931823
841.8203937	0.001174743
842.0571406	-0.000275779
842.2938964	0.001314863
842.5306609	-0.000972552
842.7674344	0.000625787
843.0042167	-0.001061648
843.2410078	0.001321617
843.4778078	-0.000909123
843.7146166	0.000168936
843.9514342	-0.00058394
844.1882607	0.000844452
844.4250961	-0.000651397
844.6619403	0.001091734
844.8987933	-0.001263999
845.1356552	0.00103052
845.3725259	-0.00045984
845.6094054	0.000851855
845.8462938	-0.000313607
846.083191	0.000105893
846.3200971	-0.000465718
846.557012	0.000790142
846.7939357	-0.001206501
847.0308682	0.000622663
847.2678096	-0.00069156
847.5047599	0.000414751
847.7417189	-0.000944549
847.9786868	0.000804793
848.2156635	-0.000119514
848.452649	0.000275395
848.6896434	-0.00036917
848.9266466	0.000627504
849.1636586	-0.000734942
849.4006795	0.001304301
849.6377092	-0.000842609
849.8747477	0.000979158
850.111795	-0.000842594
850.3488511	0.000779757
850.5859161	-0.000928181
850.8229899	0.000546517
851.0600725	-0.000570066
851.2971639	-1.40093E-05
851.5342642	-0.000625666
851.7713732	0.00042377
852.0084911	-0.000370114
852.2456178	0.000376116
852.4827533	-0.000779358
852.7198976	0.000509138
852.9570508	-0.001081723
853.1942127	0.000545479
853.4313835	-0.000739202
853.6685631	0.000330478
853.9057515	-0.000990376
854.1429487	0.000895816
854.3801547	-0.001073042
854.6173695	0.000734913
854.8545931	-0.00041292
855.0918255	0.000758375
855.3290668	-0.001077009
855.5663168	0.000553315
855.8035757	-0.000558506
856.0408433	0.000805337
856.2781198	-0.001219112
856.515405	0.00023069
856.7526991	-0.001098328
856.9900019	0.000846459
857.2273136	-0.000639937
857.464634	0.001037192
857.7019633	-0.000678621
857.9393013	0.000227888
858.1766482	-0.000242423
858.4140038	0.00029917
858.6513683	-0.000743223
858.8887415	0.000313945
859.1261235	-0.001582139
859.3635143	0.000779047
859.600914	-0.000677508
859.8383224	0.000205215
860.0757395	-0.001085363
860.3131655	0.000698784
860.5506003	-0.00129222
860.7880438	0.000429333
861.0254962	-0.000669979
861.2629573	0.000601093
861.5004272	-0.000530185
861.7379059	0.000930116
861.9753934	-0.000989312
862.2128897	0.000861162
862.4503947	-0.000983258
862.6879086	0.001129555
862.9254312	-0.001273325
863.1629626	0.001172607
863.4005027	-0.001548693
863.6380517	0.000596062
863.8756094	-0.000558453
864.1131759	0.00051698
864.3507512	-0.001236867
864.5883352	0.00058131
864.8259281	-0.000975887
865.0635297	0.000934895
865.3011401	-0.001545573
865.5387592	0.00110257
865.7763871	-0.000640249
866.0140238	0.000591677
866.2516693	-0.000695759
866.4893235	0.000843765
866.7269865	-0.001281363
866.9646583	0.000564432
867.2023388	-0.00080926
867.4400281	0.00066313
867.6777261	-0.000148446
867.915433	0.000845306
868.1531486	-0.001063973
868.3908729	0.000759678
868.628606	-0.000765547
868.8663479	0.000583799
869.1040985	-0.000295299
869.3418579	0.001507463
869.5796261	-0.000776145
869.817403	0.00144238
870.0551887	-0.000440512
870.2929831	0.000978959
870.5307863	-0.001422375
870.7685982	0.000813321
871.0064189	-0.000158064
871.2442483	0.000625237
871.4820865	-0.000604592
871.7199335	0.000942184
871.9577892	-0.001505832
872.1956536	0.000747843
872.4335268	-0.001330614
872.6714088	0.00087102
872.9092995	-0.000855509
873.1471989	0.001180928
873.3851071	-0.000878905
873.623024	0.000784371
873.8609497	-0.000493329
874.0988841	0.001713922
874.3368273	-0.001370586
874.5747792	0.001095431
874.8127398	-0.001450183
875.0507092	0.001192272
875.2886873	-0.000585942
875.5266742	-0.001031926
875.7646698	0.000950772
876.0026741	-0.001230384
876.2406872	0.001137165
876.478709	-0.000876236
876.7167396	0.000442666
876.9547789	-0.000982596
877.1928269	0.000989888
877.4308836	-0.00165959
877.6689491	0.001152582
877.9070233	-3.52337E-05
878.1451063	0.000469084
878.3831979	-0.001428462
878.6212983	0.001924966
878.8594075	-0.001033257
879.0975253	0.001039154
879.3356519	-0.002014454
879.5737872	0.000652226
879.8119313	-0.001187195
880.050084	0.000916393
880.2882455	-0.00099475
880.5264157	0.000829998
880.7645946	-0.001086174
881.0027823	0.000667418
881.2409786	-0.000806117
881.4791837	0.001275329
881.7173975	-0.001468798
881.95562	0.0015751
882.1938513	-0.001522968
882.4320912	0.001086349
882.6703399	-0.00166766
882.9085973	0.000703503
883.1468634	-0.001348093
883.3851382	0.000561159
883.6234217	-0.001939873
883.861714	0.00083329
884.1000149	-0.001688595
884.3383246	0.001083928
884.5766429	-0.001218543
884.81497	0.000332996
885.0533058	-0.001304543
885.2916503	8.27997E-06
885.5300035	-0.001636382
885.7683654	0.000970158
886.006736	-0.002034935
886.2451153	0.001716104
886.4835033	-0.000705698
886.7219	0.00063859
886.9603054	-0.00173451
887.1987195	0.000664646
887.4371423	-0.001245026
887.6755738	0.000377028
887.914014	-0.001212243
888.152463	0.000827583
888.3909206	-0.001697248
888.6293869	0.000414059
888.8678618	-0.00124937
889.1063455	0.00106981
889.3448379	-0.002483874
889.583339	0.001467064
889.8218488	-0.000609248
890.0603672	0.000572355
890.2988944	-0.001634106
890.5374302	0.001167846
890.7759747	-0.001350848
891.0145279	0.001521608
891.2530898	-0.001547807
891.4916604	0.001358115
891.7302397	-0.001367464
891.9688277	0.000722794
892.2074243	-0.00196799
892.4460296	0.001209532
892.6846436	-0.002003252
892.9232663	0.001627901
893.1618977	-0.002096064
893.4005377	0.001107921
893.6391865	-0.001600873
893.8778439	0.000923617
894.1165099	-0.001566813
894.3551847	0.000890098
894.5938681	-0.001521838
894.8325602	0.001427116
895.071261	-0.002062522
895.3099705	0.001210281
895.5486886	-0.000512989
895.7874154	0.001721742
896.0261509	-0.001883717
896.2648951	0.000678914
896.5036479	-0.000996648
896.7424094	0.000881939
896.9811795	-0.001968604
897.2199583	0.000681528
897.4587458	-0.001499211
897.697542	0.001588138
897.9363468	-0.001484427
898.1751603	0.000952949
898.4139824	-0.001602538
898.6528132	0.001746611
898.8916527	-0.001355931
899.1305008	0.001712896
899.3693576	-0.001482718
899.6082231	0.001959025
899.8470972	-0.001591912
900.0859799	0.001516542
900.3248714	-0.001943069
900.5637714	0.001506882
900.8026802	-0.000474115
901.0415976	0.001232931
901.2805236	-0.000462063
901.5194583	0.002385155
901.7584017	-0.001687903
901.9973537	0.001001658
902.2363143	-0.001469918
902.4752836	0.001900202
902.7142616	-0.001602871
902.9532482	0.000832318
903.1922434	-0.001255776
903.4312473	0.001397355
903.6702599	-0.001822776
903.909281	0.001616405
904.1483109	-0.001796911
904.3873493	0.000615374
904.6263965	-0.002164793
904.8654522	0.001503551
905.1045166	-0.002153221
905.3435897	0.001321325
905.5826713	-0.000851006
905.8217617	0.000564804
906.0608606	-0.002276354
906.2999682	0.001066517
906.5390845	-0.001882509
906.7782093	0.001249743
907.0173428	-0.000878255
907.256485	0.000924766
907.4956357	-0.002204449
907.7347951	0.001196009
907.9739632	-0.002377785
908.2131398	0.001895616
908.4523251	-0.00218086
908.6915191	0.001488464
908.9307216	-0.001204894
909.1699328	0.001567247
909.4091526	-0.001958807
909.6483811	0.001040321
909.8876181	-0.001509076
910.1268638	0.001463904
910.3661181	-0.001503887
910.6053811	0.001060728
910.8446526	-0.000530265
911.0839328	0.001785779
911.3232216	-0.001611595
911.562519	0.001567668
911.8018251	-0.002000855
912.0411397	0.000121842
912.280463	-0.001276515
912.5197949	0.000701132
912.7591354	-0.00090659
912.9984845	0.000614974
913.2378423	-0.001990028
913.4772086	0.001752311
913.7165836	-0.001371841
913.9559672	0.001205744
914.1953593	-0.002819229
914.4347601	0.000993503
914.6741696	-0.001063957
914.9135876	0.001519902
915.1530142	-0.001500205
915.3924494	0.001809821
915.6318933	-0.001250509
915.8713457	-0.000160289
916.1108068	-0.002160571
916.3502764	0.001431368
916.5897547	-0.001477641
916.8292416	0.000872805
917.068737	-0.001725047
917.3082411	0.001969272
917.5477538	-0.001535879
917.787275	0.000380023
918.0268049	-0.002330032
918.2663433	0.001703577
918.5058904	-0.001912736
918.7454461	0.001337682
918.9850103	-0.001267389
919.2245832	0.001940015
919.4641646	-0.001987865
919.7037546	0.001904908
919.9433533	-0.001987403
920.1829605	0.002544584
920.4225763	-0.00152544
920.6622007	0.001035303
920.9018337	-0.00136202
921.1414753	0.000468919
921.3811254	-0.003651078
921.6207842	0.002060513
921.8604515	-0.000972094
922.1001275	0.001242217
922.339812	-0.00128803
922.5795051	0.00225217
922.8192067	-0.001529849
923.058917	0.0023294
923.2986358	-0.002094631
923.5383633	0.001846499
923.7780993	-0.002069596
924.0178438	0.001020361
924.257597	-0.002205896
924.4973587	0.00178358
924.737129	-0.001332347
924.9769079	0.000561022
925.2166954	-0.002868197
925.4564914	0.001514682
925.696296	-0.003407193
925.9361092	0.000621639
926.175931	-0.002302229
926.4157613	0.002096322
926.6556002	-0.000631035
926.8954477	0.001141915
927.1353037	-0.002181515
927.3751683	0.002187019
927.6150415	-0.003032847
927.8549232	0.001336763
928.0948135	-0.00322756
928.3347124	0.001780026
928.5746198	-0.003816764
928.8145358	0.002065736
929.0544604	-0.001951498
929.2943935	0.001435107
929.5343352	-0.00271574
929.7742855	0.00085012
930.0142443	-0.002963685
930.2542116	0.001101071
930.4941875	-0.001890358
930.734172	0.001500776
930.974165	-0.000241614
931.2141666	0.001432973
931.4541768	-0.003222979
931.6941955	0.00132578
931.9342227	-0.001978843
932.1742585	0.002433536
932.4143029	-0.00191277
932.6543558	0.001348544
932.8944172	-0.0031176
933.1344872	0.001078909
933.3745658	-0.002698869
933.6146529	0.001808549
933.8547485	-0.001141666
934.0948527	0.001909385
934.3349655	-0.002299181
934.5750868	0.000751196
934.8152166	-0.002681991
935.055355	0.000272603
935.2955019	-0.00249731
935.5356573	0.002731125
935.7758213	-0.001916287
936.0159938	0.003648005
936.2561749	-0.000239984
936.4963645	0.001642084
936.7365627	0.001637367
936.9767694	-0.002288573
937.2169846	0.002701707
937.4572083	-0.001606342
937.6974406	0.002123153
937.9376814	-0.002968538
938.1779308	0.001036952
938.4181887	-0.003942934
938.6584551	0.001413887
938.8987301	-0.001009459
939.1390135	0.002080495
939.3793055	-0.002706413
939.6196061	0.001907293
939.8599151	-0.003543315
940.1002327	0.002717617
940.3405588	-0.003486786
940.5808935	0.002850832
940.8212366	-0.002344058
941.0615883	0.001832734
941.3019485	-0.002263819
941.5423173	0.002494404
941.7826945	-0.002953171
942.0230803	0.001454241
942.2634746	-0.003006476
942.5038774	0.001326976
942.7442887	-0.004323088
942.9847086	0.001083802
943.2251369	-0.001696746
943.4655738	0.003445166
943.7060192	-0.002069798
943.9464731	0.001668256
944.1869355	-0.002865181
944.4274064	0.001387012
944.6678859	-0.004044548
944.9083738	0.002826033
945.1488703	-0.003283371
945.3893753	0.001224294
945.6298887	-0.00424894
945.8704107	0.002833189
946.1109412	-0.000999153
946.3514802	0.001824576
946.5920277	-0.003420068
946.8325837	0.001862374
947.0731482	-0.003243981
947.3137212	0.003629528
947.5543028	-0.002486668
947.7948928	0.004965147
948.0354913	-0.002743198
948.2760983	0.0039901
948.5167138	-0.004249312
948.7573378	2.45576E-05
948.9979703	-0.002643118
949.2386114	0.002243001
949.4792609	-0.003351992
949.7199189	0.001733836
949.9605853	-0.002908201
950.2012603	0.001658535
950.4419438	-0.001776333
950.6826358	0.003688678
950.9233362	-0.001908909
951.1640452	0.001425083
951.4047626	-0.003482366
951.6454886	0.002336804
951.886223	-0.002358305
952.1269659	0.001629312
952.3677173	-0.002481292
952.6084771	0.003337189
952.8492455	-0.003414617
953.0900223	0.002359377
953.3308077	-0.001537448
953.5716015	0.000103724
953.8124038	-0.002688337
954.0532145	0.00154583
954.2940338	-0.002995648
954.5348615	0.00127625
954.7756977	-0.002104328
955.0165424	0.002514493
955.2573956	-0.002329623
955.4982572	0.001539605
955.7391273	-0.003268909
955.9800059	0.001918075
956.220893	-0.003617568
956.4617885	0.002116621
956.7026925	-0.004275221
956.943605	0.003409028
957.1845259	-0.003164584
957.4254554	0.001983206
957.6663932	-0.00437375
957.9073396	0.001835884
958.1482944	-0.003905645
958.3892577	0.003783835
958.6302295	-0.002390102
958.8712097	0.001510926
959.1121984	-0.002307459
959.3531955	0.001263615
959.5942011	0.000126525
959.8352152	0.002239402
960.0762377	-0.000662453
960.3172687	0.002348893
960.5583082	-0.003096672
960.7993561	0.001473783
961.0404124	-0.002213566
961.2814773	0.00383701
961.5225505	-0.002512313
961.7636323	0.003401446
962.0047225	-0.004506276
962.2458211	0.001582481
962.4869282	-0.003244289
962.7280438	0.004405097
962.9691678	-0.001826177
963.2103002	0.001524488
963.4514411	-0.003767358
963.6925905	0.002022002
963.9337483	-0.001373278
964.1749145	0.003787097
964.4160892	-0.002240165
964.6572724	0.003203025
964.8984639	-0.00110023
965.139664	0.002101412
965.3808725	-0.003540805
965.6220894	0.003481106
965.8633147	-0.001884347
966.1045485	0.001504261
966.3457908	-0.002165479
966.5870415	0.000278339
966.8283006	-0.001823264
967.0695681	0.001818164
967.3108441	-0.001016863
967.5521286	0.0026981
967.7934214	-0.002403547
968.0347227	0.002915669
968.2760325	-0.001561424
968.5173506	0.002503337
968.7586772	-0.001876623
969.0000123	0.000150169
969.2413557	-0.002878524
969.4827076	0.002289633
969.724068	-0.004001645
969.9654367	0.002313353
970.2068139	-0.002756272
970.4481995	0.002946452
970.6895935	-0.002259679
970.930996	0.00183124
971.1724069	-0.004941989
971.4138262	0.001890569
971.6552539	-0.001506761
971.8966901	0.00201202
972.1381347	-0.001912445
972.3795877	0.002677376
972.6210491	-0.002663157
972.8625189	0.002982029
973.1039972	-0.003932359
973.3454839	0.002166719
973.5869789	-0.002928058
973.8284825	0.001788286
974.0699944	-0.003256186
974.3115147	0.002150733
974.5530435	-0.002655438
974.7945806	0.001752741
975.0361262	-0.003507276
975.2776802	0.003043339
975.5192426	-0.001370719
975.7608134	0.00264928
976.0023926	-0.003746155
976.2439802	0.002564299
976.4855763	-0.004142055
976.7271807	0.001567477
976.9687935	-0.002443175
977.2104148	0.004429762
977.4520444	-0.002038393
977.6936825	0.002758605
977.935329	-0.003312976
978.1769838	0.00263315
978.4186471	-0.003331169
978.6603188	0.002342179
978.9019988	-0.001200817
979.1436873	0.001878338
979.3853841	-0.000860464
979.6270894	0.004186722
979.868803	-0.002128084
980.1105251	0.001864465
980.3522555	-0.003913678
980.5939944	0.000815365
980.8357416	-0.003057137
981.0774972	0.002014155
981.3192613	-0.001951435
981.5610337	0.000345299
981.8028145	-0.005278121
982.0446036	0.002757289
982.2864012	-0.002640111
982.5282072	0.002510779
982.7700215	-0.002535495
983.0118443	0.004721998
983.2536754	-0.004168729
983.4955149	0.001802094
983.7373628	-0.002036268
983.979219	0.003591916
984.2210837	-0.004526767
984.4629567	0.001902773
984.7048382	-0.002495921
984.9467279	0.002875165
985.1886261	-0.003260243
985.4305327	0.003319327
985.6724476	-0.001633876
985.9143709	0.004741844
986.1563026	-0.005112273
986.3982427	0.003655777
986.6401911	-0.002151262
986.8821479	0.002080241
987.1241131	-0.001311889
987.3660866	0.002837894
987.6080686	-0.00107915
987.8500588	0.003756628
988.0920575	-0.00213718
988.3340645	0.003392761
988.5760799	-0.004106677
988.8181037	-0.000234058
989.0601358	-0.001826921
989.3021763	0.002138921
989.5442252	-0.002476132
989.7862824	0.002528754
990.028348	-0.0047326
990.270422	0.001661006
990.5125043	-0.004431152
990.754595	0.002652465
990.996694	-0.003257033
991.2388014	0.001190064
991.4809172	-0.004859456
991.7230413	0.004095613
991.9651737	3.84316E-05
992.2073146	0.002450899
992.4494637	-0.003807847
992.6916213	0.003882972
992.9337872	-0.004591261
993.1759614	0.002006386
993.418144	-0.001622523
993.660335	0.001592561
993.9025343	-0.003646234
994.1447419	0.006567529
994.3869579	-0.005557702
994.6291822	0.00289639
994.8714149	-0.002777589
995.113656	0.002518756
995.3559054	-0.00303958
995.5981631	0.003228309
995.8404292	-0.003826241
996.0827036	0.005348771
996.3249863	-0.004026923
996.5672775	0.000996345
996.8095769	-0.005196695
997.0518847	0.003087808
997.2942008	-0.004327706
997.5365253	-8.14403E-06
997.7788581	-0.003555124
998.0211992	0.004957093
998.2635487	-0.002748801
998.5059065	-0.005025642
998.7482726	0.005575568
998.9906471	-0.001663621
999.2330299	0.002020133
999.4754211	-0.001180181
999.7178206	0.004656719
999.9602284	-0.003958714
1000.202645	0.002413389
1000.445069	-0.004111639
1000.687502	0.00496309
1000.929943	-0.006901453
1001.172392	0.003043748
1001.41485	-0.004659167
1001.657316	0.004582444
1001.899791	-0.001336791
1002.142273	0.00423182
1002.384765	-0.005252848
1002.627264	0.00210781
1002.869772	-0.005510477
1003.112288	0.003404664
1003.354812	-0.002485195
1003.597345	0.005432643
1003.839886	-0.008372845
1004.082435	0.005527045
1004.324993	-0.008339373
1004.567559	0.000431411
1004.810133	-0.002422899
1005.052715	0.003308128
1005.295306	-0.005546853
1005.537906	0.003949632
1005.780513	-0.002084347
1006.023129	0.00239556
1006.265753	-0.005390029
1006.508386	0.004490342
1006.751026	-0.001621055
1006.993675	0.003122419
1007.236333	-0.003968797
1007.478998	0.00649097
1007.721672	-0.007551276
1007.964355	0.002620364
1008.207045	-0.006851922
1008.449744	0.004516609
1008.692451	-0.003996925
1008.935167	0.005526776
1009.177891	-0.006479561
1009.420623	0.005083547
1009.663363	-0.006910513
1009.906112	0.005046599
1010.148869	-0.002482613
1010.391634	0.004419862
1010.634408	-0.005826787
1010.87719	0.004526637
1011.11998	-0.009202168
1011.362778	0.003303557
1011.605585	-0.00546794
1011.8484	0.003998035
1012.091224	-0.003773717
1012.334055	0.003998232
1012.576895	-0.008734969
1012.819743	0.008260731
1013.0626	-0.008669766
1013.305465	0.00510596
1013.548338	-0.006707821
1013.791219	0.006019882
1014.034109	-0.005821022
1014.277007	0.004888147
1014.519913	-0.00792548
1014.762828	0.006909232
1015.00575	-0.005185385
1015.248681	0.007941593
1015.491621	-0.004347653
1015.734568	0.006226876
1015.977524	0
1016.220488	0
1016.463461	0
1016.706442	0
1016.949431	0
1017.192428	0
1017.435434	0
1017.678447	0
1017.92147	0
1018.1645	0
1018.407539	0
1018.650586	0
1018.893641	0
1019.136704	0
1019.379776	0
1019.622856	0
1019.865944	0
1020.109041	0
1020.352146	0
1020.595259	0
1020.83838	0
1021.08151	0
1021.324647	0
1021.567794	0
