Wavelength (nm)	Normalized Intensity
200.037573	0
200.2402851	0
200.4430143	0
200.6457606	0
200.848524	0
201.0513046	0
201.2541023	0
201.456917	0
201.6597489	0
201.8625979	0
202.065464	0
202.2683471	0
202.4712474	0
202.6741647	0
202.8770992	0
203.0800507	0
203.2830193	0
203.486005	0
203.6890077	0
203.8920275	0
204.0950644	0
204.2981183	0
204.5011894	0
204.7042774	0
204.9073825	0
205.1105047	0
205.3136439	0
205.5168002	0
205.7199735	0
205.9231638	0
206.1263712	0
206.3295956	0
206.532837	0
206.7360955	0
206.939371	0
207.1426635	0
207.345973	0
207.5492996	0
207.7526431	0
207.9560037	0
208.1593812	0
208.3627758	0
208.5661873	0
208.7696159	0
208.9730614	0
209.176524	0
209.3800035	0
209.5835	0
209.7870135	0
209.9905439	0
210.1940914	0
210.3976558	0
210.6012371	0
210.8048354	0
211.0084507	0
211.212083	0
211.4157322	0
211.6193983	0
211.8230814	0
212.0267815	0
212.2304985	0
212.4342324	0
212.6379833	0
212.8417511	0
213.0455358	0
213.2493374	0
213.453156	0
213.6569915	0
213.8608439	0
214.0647133	0
214.2685995	0
214.4725026	0
214.6764227	0
214.8803596	0
215.0843135	0
215.2882842	0
215.4922719	0
215.6962764	0
215.9002978	0
216.1043361	0
216.3083912	0
216.5124633	0
216.7165522	0
216.920658	0
217.1247807	0
217.3289202	0
217.5330766	0
217.7372498	0
217.9414399	0
218.1456469	0
218.3498706	0
218.5541113	0
218.7583688	0
218.9626431	0
219.1669342	0
219.3712422	0
219.5755671	0
219.7799087	0
219.9842672	0
220.1886425	0
220.3930346	0
220.5974435	0
220.8018692	0
221.0063118	0
221.2107711	0
221.4152472	0
221.6197402	0
221.8242499	0
222.0287765	0
222.2333198	0
222.4378799	0
222.6424568	0
222.8470504	0
223.0516609	0
223.2562881	0
223.4609321	0
223.6655929	0
223.8702704	0
224.0749647	0
224.2796757	0
224.4844035	0
224.689148	0
224.8939093	0
225.0986874	0
225.3034822	0
225.5082937	0
225.7131219	0
225.9179669	0
226.1228286	0
226.3277071	0
226.5326023	0
226.7375142	0
226.9424428	0
227.1473881	0
227.3523501	0
227.5573289	0
227.7623243	0
227.9673365	0
228.1723653	0
228.3774108	0
228.5824731	0
228.787552	0
228.9926476	0
229.1977599	0
229.4028889	0
229.6080345	0
229.8131969	0
230.0183759	0
230.2235715	0
230.4287838	0
230.6340128	0
230.8392585	0
231.0445208	0
231.2497997	0
231.4550953	0
231.6604076	0
231.8657365	0
232.071082	0
232.2764442	0
232.481823	0
232.6872184	0
232.8926304	0
233.0980591	0
233.3035044	0
233.5089663	0
233.7144449	0
233.91994	0
234.1254518	0
234.3309801	0
234.5365251	0
234.7420866	0
234.9476648	0
235.1532595	0
235.3588709	0
235.5644988	0
235.7701433	0
235.9758044	0
236.181482	0
236.3871763	0
236.5928871	0
236.7986144	0
237.0043584	0
237.2101189	0
237.4158959	0
237.6216895	0
237.8274997	0
238.0333264	0
238.2391697	0
238.4450295	0
238.6509058	0
238.8567987	0
239.0627081	0
239.2686341	0
239.4745765	0
239.6805355	0
239.886511	0
240.0925031	0
240.2985116	0
240.5045367	0
240.7105782	0
240.9166363	0
241.1227109	0
241.328802	0
241.5349095	0
241.7410336	0
241.9471741	0
242.1533312	0
242.3595047	0
242.5656947	0
242.7719012	0
242.9781241	0
243.1843636	0
243.3906195	0
243.5968918	0
243.8031806	0
244.0094859	0
244.2158076	0
244.4221458	0
244.6285005	0
244.8348715	0
245.0412591	0
245.247663	0
245.4540834	0
245.6605203	0
245.8669735	0
246.0734432	0
246.2799293	0
246.4864319	0
246.6929508	0
246.8994862	0
247.106038	0
247.3126062	0
247.5191907	0
247.7257917	0
247.9324091	0
248.1390429	0
248.3456931	0
248.5523597	0
248.7590427	0
248.965742	0
249.1724577	0
249.3791898	0
249.5859383	0
249.7927032	0
249.9994844	0
250.206282	0
250.4130959	0
250.6199262	0
250.8267729	0
251.0336359	0
251.2405152	0
251.4474109	0
251.654323	0
251.8612514	0
252.0681961	0
252.2751572	0
252.4821346	0
252.6891283	0
252.8961383	0
253.1031647	0
253.3102074	0
253.5172664	0
253.7243417	0
253.9314333	0
254.1385412	0
254.3456654	0
254.552806	0
254.7599628	0
254.9671359	0
255.1743253	0
255.381531	0
255.588753	0
255.7959912	0
256.0032458	0
256.2105166	0
256.4178037	0
256.625107	0
256.8324266	0
257.0397625	0
257.2471146	0
257.454483	0
257.6618677	0
257.8692686	0
258.0766857	0
258.2841191	0
258.4915687	0
258.6990346	0
258.9065167	0
259.114015	0
259.3215295	0
259.5290603	0
259.7366073	0
259.9441705	0
260.15175	0
260.3593456	0
260.5669575	0
260.7745855	0
260.9822298	0
261.1898903	0
261.3975669	0
261.6052598	0
261.8129688	0
262.020694	0
262.2284355	0
262.436193	0
262.6439668	0
262.8517568	0
263.0595629	0
263.2673852	0
263.4752236	0
263.6830782	0
263.890949	0
264.0988359	0
264.306739	0
264.5146583	0
264.7225936	0
264.9305452	0
265.1385128	0
265.3464966	0
265.5544966	0
265.7625126	0
265.9705448	0
266.1785931	0
266.3866576	0
266.5947381	0
266.8028348	0
267.0109476	0
267.2190765	0
267.4272215	0
267.6353826	0
267.8435598	0
268.0517531	0
268.2599625	0
268.468188	0
268.6764296	0
268.8846872	0
269.092961	0
269.3012508	0
269.5095567	0
269.7178787	0
269.9262167	0
270.1345708	0
270.3429409	0
270.5513272	0
270.7597294	0
270.9681478	0
271.1765822	0
271.3850326	0
271.593499	0
271.8019816	0
272.0104801	0
272.2189947	0
272.4275253	0
272.6360719	0
272.8446346	0
273.0532133	0
273.261808	0
273.4704187	0
273.6790455	0
273.8876882	0
274.096347	0
274.3050217	0
274.5137125	0
274.7224192	0
274.931142	0
275.1398807	0
275.3486354	0
275.5574062	0
275.7661928	0
275.9749955	0
276.1838142	0
276.3926488	0
276.6014994	0
276.8103659	0
277.0192484	0
277.2281469	0
277.4370613	0
277.6459917	0
277.854938	0
278.0639003	0
278.2728785	0
278.4818727	0
278.6908828	0
278.8999088	0
279.1089508	0
279.3180087	0
279.5270825	0
279.7361723	0
279.9452779	0
280.1543995	0
280.363537	0
280.5726904	0
280.7818597	0
280.9910449	0
281.200246	0
281.4094631	0
281.618696	0
281.8279448	0
282.0372094	0
282.24649	0
282.4557865	0
282.6650988	0
282.874427	0
283.0837711	0
283.293131	0
283.5025068	0
283.7118985	0
283.921306	0
284.1307294	0
284.3401686	0
284.5496237	0
284.7590947	0
284.9685815	0
285.1780841	0
285.3876026	0
285.5971369	0
285.806687	0
286.0162529	0
286.2258347	0
286.4354323	0
286.6450458	0
286.854675	0
287.0643201	0
287.2739809	0
287.4836576	0
287.6933501	0
287.9030583	0
288.1127824	0
288.3225223	0
288.5322779	0
288.7420494	0
288.9518366	0
289.1616396	0
289.3714584	0
289.581293	0
289.7911433	0
290.0010094	0
290.2108913	0
290.4207889	0
290.6307023	0
290.8406315	0
291.0505764	0
291.2605371	0
291.4705135	0
291.6805056	0
291.8905135	0
292.1005372	0
292.3105765	0
292.5206316	0
292.7307024	0
292.940789	0
293.1508913	0
293.3610093	0
293.571143	0
293.7812924	0
293.9914575	0
294.2016384	0
294.4118349	0
294.6220472	0
294.8322751	0
295.0425187	0
295.2527781	0
295.4630531	0
295.6733438	0
295.8836502	0
296.0939722	0
296.30431	0
296.5146634	0
296.7250325	0
296.9354172	0
297.1458176	0
297.3562337	0
297.5666654	0
297.7771128	0
297.9875758	0
298.1980545	0
298.4085488	0
298.6190588	0
298.8295844	0
299.0401257	0
299.2506825	0
299.461255	0
299.6718432	0
299.8824469	0
300.0930663	0
300.3037013	0
300.5143519	0
300.7250181	0
300.9356999	0
301.1463973	0
301.3571103	0
301.567839	0
301.7785832	0
301.989343	0
302.2001184	0
302.4109094	0
302.6217159	0
302.8325381	0
303.0433758	0
303.2542291	0
303.4650979	0
303.6759823	0
303.8868823	0
304.0977979	0
304.308729	0
304.5196757	0
304.7306379	0
304.9416156	0
305.1526089	0
305.3636178	0
305.5746422	0
305.7856821	0
305.9967375	0
306.2078085	0
306.418895	0
306.6299971	0
306.8411146	0
307.0522477	0
307.2633963	0
307.4745604	0
307.68574	0
307.8969351	0
308.1081457	0
308.3193718	0
308.5306134	0
308.7418705	0
308.953143	0
309.1644311	0
309.3757347	0
309.5870537	0
309.7983882	0
310.0097382	0
310.2211036	0
310.4324845	0
310.6438809	0
310.8552927	0
311.06672	0
311.2781628	0
311.489621	0
311.7010946	0
311.9125837	0
312.1240882	0
312.3356082	0
312.5471436	0
312.7586945	0
312.9702607	0
313.1818424	0
313.3934396	0
313.6050521	0
313.8166801	0
314.0283234	0
314.2399822	0
314.4516564	0
314.663346	0
314.875051	0
315.0867714	0
315.2985072	0
315.5102584	0
315.7220249	0
315.9338069	0
316.1456042	0
316.3574169	0
316.569245	0
316.7810885	0
316.9929473	0
317.2048215	0
317.4167111	0
317.628616	0
317.8405363	0
318.052472	0
318.264423	0
318.4763893	0
318.688371	0
318.900368	0
319.1123804	0
319.3244081	0
319.5364511	0
319.7485095	0
319.9605832	0
320.1726722	0
320.3847765	0
320.5968962	0
320.8090312	0
321.0211814	0
321.233347	0
321.4455279	0
321.6577241	0
321.8699356	0
322.0821624	0
322.2944045	0
322.5066618	0
322.7189345	0
322.9312224	0
323.1435256	0
323.3558441	0
323.5681779	0
323.7805269	0
323.9928912	0
324.2052708	0
324.4176656	0
324.6300757	0
324.8425011	0
325.0549416	0
325.2673975	0
325.4798686	0
325.6923549	0
325.9048565	0
326.1173733	0
326.3299053	0
326.5424526	0
326.7550151	0
326.9675928	0
327.1801857	0
327.3927939	0
327.6054173	0
327.8180558	0
328.0307096	0
328.2433786	0
328.4560628	0
328.6687622	0
328.8814768	0
329.0942066	0
329.3069516	0
329.5197117	0
329.7324871	0
329.9452776	0
330.1580833	0
330.3709041	0
330.5837402	0
330.7965914	0
331.0094578	0
331.2223393	0
331.435236	0
331.6481479	0
331.8610749	0
332.074017	0
332.2869743	0
332.4999467	0
332.7129343	0
332.925937	0
333.1389549	0
333.3519878	0
333.5650359	0
333.7780992	0
333.9911775	0
334.204271	0
334.4173796	0
334.6305033	0
334.8436421	0
335.056796	0
335.269965	0
335.4831491	0
335.6963483	0
335.9095626	0
336.1227919	0
336.3360364	0
336.549296	0
336.7625706	0
336.9758603	0
337.1891651	0
337.4024849	0
337.6158199	0
337.8291699	0
338.0425349	0
338.255915	0
338.4693102	0
338.6827204	0
338.8961456	0
339.109586	0
339.3230413	0
339.5365117	0
339.7499971	0
339.9634976	0
340.1770131	0
340.3905436	0
340.6040891	0
340.8176497	0
341.0312253	0
341.2448159	0
341.4584215	0
341.6720421	0
341.8856777	0
342.0993283	0
342.312994	0
342.5266746	0
342.7403702	0
342.9540808	0
343.1678064	0
343.3815469	0
343.5953025	0
343.809073	0
344.0228585	0
344.236659	0
344.4504744	0
344.6643048	0
344.8781502	0
345.0920105	0
345.3058858	0
345.5197761	0
345.7336812	0
345.9476014	0
346.1615364	0
346.3754865	0
346.5894514	0
346.8034313	0
347.0174261	0
347.2314358	0
347.4454605	0
347.6595001	0
347.8735546	0
348.087624	0
348.3017083	0
348.5158076	0
348.7299217	0
348.9440508	0
349.1581947	0
349.3723535	0
349.5865273	0
349.8007159	0
350.0149194	0
350.2291378	0
350.4433711	0
350.6576192	0
350.8718823	0
351.0861602	0
351.3004529	0
351.5147606	0
351.7290831	0
351.9434204	0
352.1577726	0
352.3721397	0
352.5865216	0
352.8009184	0
353.01533	0
353.2297564	0
353.4441977	0
353.6586538	0
353.8731247	0
354.0876105	0
354.3021111	0
354.5166265	0
354.7311567	0
354.9457018	0
355.1602616	0
355.3748363	0
355.5894258	0
355.8040301	0
356.0186491	0
356.233283	0
356.4479317	0
356.6625951	0
356.8772734	0
357.0919664	0
357.3066742	0
357.5213968	0
357.7361341	0
357.9508863	0
358.1656532	0
358.3804348	0
358.5952313	0
358.8100425	0
359.0248684	0
359.2397091	0
359.4545645	0
359.6694347	0
359.8843197	0
360.0992193	0
360.3141337	0
360.5290629	0
360.7440068	0
360.9589654	0
361.1739387	0
361.3889267	0
361.6039295	0
361.818947	0
362.0339792	0
362.2490261	0
362.4640877	0
362.679164	0
362.894255	0
363.1093607	0
363.3244811	0
363.5396162	0
363.754766	0
363.9699305	0
364.1851096	0
364.4003035	0
364.615512	0
364.8307351	0
365.045973	0
365.2612255	0
365.4764926	0
365.6917745	0
365.9070709	0
366.1223821	0
366.3377079	0
366.5530483	0
366.7684034	0
366.9837731	0
367.1991574	0
367.4145564	0
367.62997	0
367.8453983	0
368.0608412	0
368.2762986	0
368.4917708	0
368.7072575	0
368.9227588	0
369.1382748	0
369.3538053	0
369.5693505	0
369.7849102	0
370.0004846	0
370.2160735	0
370.4316771	0
370.6472952	0
370.8629279	0
371.0785752	0
371.2942371	0
371.5099135	0
371.7256045	0
371.9413101	0
372.1570303	0
372.372765	0
372.5885143	0
372.8042781	0
373.0200565	0
373.2358494	0
373.4516569	0
373.6674789	0
373.8833155	0
374.0991666	0
374.3150322	0
374.5309124	0
374.7468071	0
374.9627163	0
375.17864	0
375.3945783	0
375.6105311	0
375.8264983	0
376.0424801	0
376.2584764	0
376.4744872	0
376.6905126	0
376.9065524	0
377.1226067	0
377.3386755	0
377.5547587	0
377.7708565	0
377.9869687	0
378.2030955	0
378.4192366	-0.001831756
378.6353923	0.000992138
378.8515625	-0.00395739
379.0677471	0.004678417
379.2839461	-0.007415607
379.5001596	0.00777677
379.7163876	-0.000828232
379.9326301	0.005222427
380.148887	0.005772275
380.3651583	0.002303173
380.5814441	-0.006417508
380.7977443	0.004051892
381.0140589	-0.002070212
381.230388	0.002466782
381.4467315	-0.005966694
381.6630895	0.002028051
381.8794619	-0.003070609
382.0958487	0.003669126
382.3122499	-0.003089666
382.5286655	0.002631735
382.7450956	-0.003939055
382.96154	0.006326336
383.1779989	-0.000115969
383.3944721	0.004187463
383.6109598	-0.001009202
383.8274619	0.001134228
384.0439783	-0.001247167
384.2605092	0.000411289
384.4770544	-0.003260076
384.693614	0.003959229
384.910188	-0.00438736
385.1267764	0.00178886
385.3433792	-0.001002456
385.5599963	0.004707117
385.7766278	-0.005420083
385.9932736	0.000275654
386.2099339	-0.004037159
386.4266085	0.002811457
386.6432974	-0.001306942
386.8600007	0.002053935
387.0767183	-0.002670969
387.2934503	0.00049077
387.5101967	-0.001287397
387.7269574	0.001285551
387.9437324	-0.002239318
388.1605217	0.002648713
388.3773254	0.00022182
388.5941434	0.004734076
388.8109758	-0.002260665
389.0278224	0.002838215
389.2446834	-0.002286673
389.4615587	0.001241124
389.6784483	-0.003045603
389.8953522	0.004424307
390.1122704	-0.002909572
390.329203	0.003224393
390.5461498	-0.00265377
390.7631109	-0.000961292
390.9800863	-0.001788457
391.1970761	0.000491139
391.4140801	-0.002624018
391.6310983	0.001866566
391.8481309	-0.002407413
392.0651778	0.00278669
392.2822389	-0.003390377
392.4993143	0.001774475
392.7164039	-0.002989456
392.9335079	0.002120765
393.150626	-0.00376034
393.3677585	0.001181303
393.5849052	-0.001663433
393.8020662	0.001602975
394.0192414	-0.002048078
394.2364308	0.003088313
394.4536346	-0.002579031
394.6708525	0.002214684
394.8880847	-0.001449741
395.1053311	0.002242573
395.3225918	-1.16797E-05
395.5398666	0.003492786
395.7571557	-0.001695131
395.9744591	0.001667751
396.1917766	-0.001464372
396.4091084	0.001454396
396.6264544	-0.003695981
396.8438145	0.003926985
397.0611889	-0.002098447
397.2785775	0.001398558
397.4959803	-0.003081659
397.7133973	0.002084528
397.9308285	-0.003064339
398.1482739	0.002398403
398.3657335	-0.002786867
398.5832072	0.003658538
398.8006952	-0.001766121
399.0181973	0.001930977
399.2357136	-0.003531328
399.4532441	7.69626E-05
399.6707887	-0.003992738
399.8883475	0.000765301
400.1059205	-0.003283486
400.3235076	0.000458466
400.5411089	-0.002421777
400.7587243	0.004555635
400.9763539	-0.001564985
401.1939976	0.002538779
401.4116555	-0.001659695
401.6293275	-0.000275147
401.8470137	-0.001034701
402.064714	0.001750403
402.2824284	-0.000200262
402.500157	0.001436291
402.7178996	-0.004287805
402.9356565	0.000278675
403.1534274	-0.001531162
403.3712124	0.001991074
403.5890116	-0.00093751
403.8068248	0.002570979
404.0246522	-0.003072834
404.2424937	0.001604862
404.4603493	-0.002193875
404.6782189	0.001367469
404.8961027	-0.001649404
405.1140006	-0.000789622
405.3319125	0.000222858
405.5498386	0.001096954
405.7677787	-0.001521683
405.9857329	0.001834306
406.2037011	-0.001525211
406.4216835	0.000975095
406.6396799	-0.002875424
406.8576904	0.000605422
407.0757149	-0.000597007
407.2937535	0.00192638
407.5118062	2.60195E-07
407.7298729	0.001402731
407.9479537	-0.00220206
408.1660485	-5.50777E-05
408.3841574	-0.00372946
408.6022803	0.000291227
408.8204172	-0.00188825
409.0385682	-0.001007617
409.2567332	0.001739042
409.4749122	-0.001699551
409.6931053	0.002103936
409.9113124	-0.001969143
410.1295335	0.001212526
410.3477686	-0.001739727
410.5660177	0.000640223
410.7842809	-0.001407972
411.002558	0.00184709
411.2208492	-0.001001026
411.4391544	0.000718267
411.6574735	-0.000761658
411.8758067	0.002617076
412.0941538	-0.000713692
412.312515	-0.000107
412.5308901	-0.001612616
412.7492792	0.000459641
412.9676823	-0.001627423
413.1860993	0.001014264
413.4045304	-0.001024968
413.6229754	0.001100335
413.8414343	0.000180713
414.0599073	0.002517127
414.2783941	-0.001396429
414.496895	-5.8339E-05
414.7154098	-2.62555E-05
414.9339386	0.001006179
415.1524813	-0.00041878
415.3710379	0.000855625
415.5896085	-0.002628946
415.808193	0.002331784
416.0267915	-0.000734903
416.2454039	0.000750945
416.4640302	-0.00218527
416.6826705	0.001622626
416.9013246	-0.001661859
417.1199927	0.000573514
417.3386748	-0.002584579
417.5573707	0.001366678
417.7760805	-0.002051222
417.9948043	0.001057001
418.2135419	-0.002360779
418.4322935	0.004108618
418.6510589	-0.001717908
418.8698383	0.00199651
419.0886315	-0.00300668
419.3074386	0.003169243
419.5262596	-0.003762568
419.7450945	0.00112872
419.9639433	-0.002676374
420.182806	0.00265363
420.4016825	-0.002684977
420.6205729	0.001747878
420.8394771	-0.002004448
421.0583953	0.000787723
421.2773272	-0.00193933
421.4962731	0.001440728
421.7152328	-0.001833803
421.9342063	0.001463823
422.1531937	-0.000931384
422.372195	0.001273542
422.5912101	-0.000479652
422.810239	0.001988367
423.0292817	0.000773953
423.2483383	0.00136726
423.4674088	-0.000683473
423.686493	-1.69916E-05
423.9055911	-0.000364261
424.124703	0.00192458
424.3438287	-0.000659918
424.5629682	0.002060709
424.7821215	-0.002050317
425.0012887	0.000727505
425.2204696	-0.000786452
425.4396644	0.002343497
425.6588729	-0.002126894
425.8780953	0.001344075
426.0973314	-0.001485149
426.3165813	0.000591581
426.535845	-0.002631243
426.7551225	0.001601454
426.9744138	-0.001089061
427.1937189	-0.000790862
427.4130377	-0.002261396
427.6323703	0.002078256
427.8517166	-0.001046594
428.0710768	0.001294082
428.2904506	-0.00227065
428.5098383	0.001559427
428.7292397	-0.00126762
428.9486548	0.00257699
429.1680837	-0.000344635
429.3875264	0.001367587
429.6069828	0.00019745
429.8264529	0.00121939
430.0459368	-0.00146642
430.2654344	0.001475861
430.4849457	-0.000608088
430.7044707	0.002597404
430.9240095	-0.000705588
431.143562	0.001860759
431.3631282	-0.000130346
431.5827081	0.001795854
431.8023018	-0.001342283
432.0219091	0.003093637
432.2415302	0.000311159
432.4611649	0.002480995
432.6808134	-0.000320034
432.9004755	0.001193901
433.1201514	6.20512E-06
433.3398409	0.002888503
433.5595441	-0.000623848
433.779261	0.002632877
433.9989916	-0.000758227
434.2187358	0.002122784
434.4384938	0.000659514
434.6582654	0.00335722
434.8780506	-0.000135184
435.0978496	0.003082796
435.3176622	0.001505395
435.5374884	0.004519538
435.7573283	0.000952933
435.9771819	0.00231379
436.1970491	0.001091929
436.4169299	0.004556038
436.6368244	0.002310005
436.8567326	0.003341045
437.0766543	0.001989854
437.2965897	0.00429284
437.5165388	0.002054452
437.7365014	0.004800029
437.9564777	0.002221891
438.1764676	0.004296716
438.3964712	0.002348138
438.6164883	0.006881144
438.836519	0.002446133
439.0565634	0.005736899
439.2766214	0.00316246
439.4966929	0.006483167
439.7167781	0.003127955
439.9368768	0.006918996
440.1569892	0.004519163
440.3771151	0.006601943
440.5972547	0.00470279
440.8174078	0.008127705
441.0375745	0.004740459
441.2577547	0.007396499
441.4779486	0.00584969
441.698156	0.009197319
441.918377	0.006874711
442.1386115	0.007611686
442.3588596	0.00666606
442.5791213	0.009451974
442.7993965	0.008481466
443.0196853	0.010026628
443.2399876	0.0093348
443.4603035	0.009933801
443.6806329	0.008288853
443.9009758	0.011036508
444.1213323	0.009342552
444.3417023	0.012268914
444.5620859	0.00961499
444.782483	0.012316016
445.0028936	0.010569734
445.2233177	0.014105992
445.4437553	0.01150374
445.6642065	0.015083751
445.8846711	0.013355195
446.1051493	0.014898079
446.325641	0.014665712
446.5461462	0.016728658
446.7666648	0.015785238
446.987197	0.01915931
447.2077427	0.016912411
447.4283019	0.020014529
447.6488745	0.019095982
447.8694606	0.020436018
448.0900602	0.017555073
448.3106733	0.021387641
448.5312999	0.020243306
448.7519399	0.022614509
448.9725934	0.022731408
449.1932604	0.026012081
449.4139408	0.02395506
449.6346347	0.028505663
449.855342	0.026644045
450.0760628	0.028548612
450.2967971	0.028396746
450.5175448	0.030839846
450.7383059	0.029876692
450.9590805	0.032981718
451.1798685	0.031256253
451.4006699	0.034874334
451.6214848	0.034538477
451.8423131	0.037902907
452.0631548	0.037539304
452.2840099	0.040917873
452.5048785	0.040212727
452.7257605	0.041889204
452.9466559	0.042616521
453.1675647	0.045625004
453.3884869	0.04540573
453.6094225	0.047146746
453.8303715	0.046466987
454.0513339	0.051014895
454.2723097	0.051250788
454.4932989	0.055227252
454.7143014	0.052438948
454.9353174	0.059026141
455.1563467	0.058831703
455.3773894	0.060838347
455.5984455	0.060604446
455.819515	0.065520079
456.0405978	0.064480333
456.261694	0.069120081
456.4828036	0.069710779
456.7039265	0.074386671
456.9250627	0.075034617
457.1462124	0.077904521
457.3673753	0.079506534
457.5885516	0.083216075
457.8097413	0.08319703
458.0309443	0.0874985
458.2521606	0.088784818
458.4733903	0.092830245
458.6946333	0.09358357
458.9158896	0.098273505
459.1371593	0.100370321
459.3584423	0.107014167
459.5797386	0.107697912
459.8010482	0.111599246
460.0223711	0.113020618
460.2437073	0.118251975
460.4650569	0.118264268
460.6864197	0.124602762
460.9077958	0.127937836
461.1291853	0.132362717
461.350588	0.137225966
461.572004	0.144130722
461.7934333	0.14799236
462.0148759	0.15387861
462.2363318	0.155260555
462.4578009	0.161001875
462.6792833	0.159997527
462.900779	0.166580326
463.122288	0.1695709
463.3438102	0.179284051
463.5653457	0.181957889
463.7868944	0.190418961
464.0084564	0.19403409
464.2300317	0.199901613
464.4516202	0.202671133
464.6732219	0.2073843
464.8948369	0.208649017
465.1164652	0.214998509
465.3381066	0.228190775
465.5597613	0.235791629
465.7814293	0.247035509
466.0031104	0.251538395
466.2248048	0.259934428
466.4465124	0.26490401
466.6682333	0.274472504
466.8899673	0.276965306
467.1117146	0.285686933
467.333475	0.291873923
467.5552487	0.30370964
467.7770356	0.309282063
467.9988357	0.318331993
468.2206489	0.323944677
468.4424754	0.335532906
468.6643151	0.344323764
468.8861679	0.355965044
469.1080339	0.362750614
469.3299131	0.377313947
469.5518055	0.387247322
469.7737111	0.399095076
469.9956298	0.408432035
470.2175617	0.427165492
470.4395068	0.437726915
470.661465	0.449692852
470.8834364	0.462366628
471.1054209	0.479420914
471.3274186	0.488683085
471.5494295	0.505621584
471.7714535	0.510034229
471.9934906	0.521590975
472.2155409	0.530801104
472.4376043	0.541982424
472.6596808	0.549161877
472.8817705	0.567506686
473.1038733	0.58361825
473.3259892	0.596641827
473.5481183	0.60802805
473.7702605	0.616651022
473.9924158	0.623776706
474.2145842	0.639282897
474.4367657	0.650980187
474.6589603	0.668926275
474.881168	0.681403402
475.1033888	0.701008637
475.3256227	0.710520529
475.5478698	0.729924473
475.7701298	0.742241108
475.992403	0.763792125
476.2146893	0.77403577
476.4369887	0.786243961
476.6593011	0.789613326
476.8816266	0.798272404
477.1039652	0.815896773
477.3263168	0.829639811
477.5486815	0.838778207
477.7710593	0.855071764
477.9934501	0.871958702
478.215854	0.889471519
478.438271	0.906354047
478.660701	0.925277506
478.883144	0.931593289
479.1056001	0.938409888
479.3280692	0.933323862
479.5505514	0.937572757
479.7730466	0.936301122
479.9955548	0.94695778
480.2180761	0.953545637
480.4406103	0.964084213
480.6631576	0.975178263
480.885718	0.991588431
481.1082913	0.995604079
481.3308777	0.998616484
481.553477	1
481.7760894	0.99730848
481.9987148	0.99523266
482.2213531	0.992553588
482.4440045	0.992419464
482.6666689	0.99374548
482.8893462	0.991596113
483.1120365	0.990743287
483.3347399	0.985707569
483.5574562	0.986666919
483.7801855	0.980747371
484.0029277	0.977354035
484.2256829	0.974604941
484.4484511	0.970573119
484.6712323	0.96310118
484.8940264	0.960230193
485.1168335	0.950960858
485.3396536	0.946715579
485.5624866	0.939611131
485.7853325	0.937042877
486.0081914	0.926802333
486.2310632	0.924132459
486.453948	0.912406769
486.6768457	0.906275638
486.8997564	0.896274738
487.12268	0.891520832
487.3456165	0.88081895
487.5685659	0.875915777
487.7915283	0.866452831
488.0145036	0.858611262
488.2374918	0.846918796
488.4604929	0.841043174
488.6835069	0.829070447
488.9065338	0.823630212
489.1295736	0.813732241
489.3526264	0.80908962
489.575692	0.796526573
489.7987705	0.789802619
490.0218619	0.780176626
490.2449662	0.771024232
490.4680834	0.761964543
490.6912135	0.758103487
490.9143564	0.748254195
491.1375122	0.73668764
491.3606809	0.724169058
491.5838625	0.721381433
491.8070569	0.710313888
492.0302642	0.703041556
492.2534843	0.691487948
492.4767173	0.682562049
492.6999632	0.675710764
492.9232219	0.672422465
493.1464935	0.665467312
493.3697779	0.654770654
493.5930751	0.642782692
493.8163852	0.633610356
494.0397081	0.627529752
494.2630439	0.633465632
494.4863924	0.626455802
494.7097538	0.618193948
494.9331281	0.601556075
495.1565151	0.591411193
495.379915	0.585800759
495.6033276	0.582172988
495.8267531	0.576758415
496.0501914	0.572390685
496.2736425	0.56790359
496.4971064	0.563121055
496.7205831	0.54884784
496.9440726	0.53956571
497.1675748	0.530507688
497.3910899	0.51934567
497.6146177	0.503641099
497.8381584	0.49771799
498.0617118	0.488957884
498.285278	0.485780469
498.5088569	0.476382722
498.7324486	0.474143748
498.9560531	0.470421046
499.1796704	0.468315002
499.4033004	0.460694578
499.6269432	0.45233393
499.8505987	0.444816464
500.074267	0.442007006
500.297948	0.434241227
500.5216418	0.428199875
500.7453483	0.418808586
500.9690675	0.413274864
501.1927995	0.409474478
501.4165442	0.405371186
501.6403017	0.401535095
501.8640719	0.398975909
502.0878547	0.389822665
502.3116504	0.382008971
502.5354587	0.372786569
502.7592797	0.364391336
502.9831135	0.357232515
503.2069599	0.354008122
503.4308191	0.348578139
503.654691	0.344747221
503.8785755	0.335077312
504.1024728	0.332788899
504.3263827	0.325566784
504.5503054	0.322532128
504.7742407	0.315777506
504.9981887	0.308919496
505.2221494	0.302580703
505.4461227	0.300399605
505.6701088	0.293625356
505.8941075	0.290622781
506.1181188	0.285225165
506.3421429	0.283266241
506.5661795	0.277281391
506.7902289	0.272069065
507.0142909	0.264188572
507.2383655	0.259275929
507.4624528	0.254384497
507.6865528	0.251248981
507.9106654	0.2447868
508.1347906	0.243483452
508.3589285	0.240022825
508.5830789	0.237604764
508.8072421	0.231433027
509.0314178	0.228826572
509.2556062	0.222701313
509.4798072	0.217922375
509.7040208	0.21323727
509.928247	0.209625241
510.1524858	0.20485826
510.3767373	0.201573318
510.6010013	0.195468861
510.8252779	0.193492907
511.0495672	0.187944545
511.273869	0.18532528
511.4981834	0.180483713
511.7225105	0.177755535
511.9468501	0.171808704
512.1712022	0.170009802
512.395567	0.165048635
512.6199443	0.163863208
512.8443343	0.15764341
513.0687367	0.156429792
513.2931518	0.152664507
513.5175794	0.152285606
513.7420196	0.148060751
513.9664723	0.146379626
514.1909376	0.143762545
514.4154154	0.141860661
514.6399058	0.137705929
514.8644087	0.135658145
515.0889242	0.131823182
515.3134522	0.132307195
515.5379927	0.12785386
515.7625458	0.127050855
515.9871114	0.12276004
516.2116895	0.122186578
516.4362802	0.118982244
516.6608834	0.118831891
516.885499	0.117975143
517.1101272	0.116013731
517.334768	0.113173246
517.5594212	0.112945658
517.7840869	0.109445946
518.0087651	0.10786583
518.2334559	0.104853517
518.4581591	0.103851664
518.6828748	0.099345646
518.907603	0.100787159
519.1323437	0.097696362
519.3570968	0.098771421
519.5818625	0.096230304
519.8066406	0.096560365
520.0314312	0.093410181
520.2562343	0.092894475
520.4810498	0.090135663
520.7058778	0.090872004
520.9307183	0.089436415
521.1555712	0.088506246
521.3804366	0.084808145
521.6053144	0.085577777
521.8302046	0.08285289
522.0551074	0.083721548
522.2800225	0.080618643
522.5049501	0.077152115
522.7298901	0.076879989
522.9548426	0.074574673
523.1798075	0.073658297
523.4047848	0.071513707
523.6297746	0.07076122
523.8547767	0.069193947
524.0797913	0.069260896
524.3048183	0.066246235
524.5298577	0.06555548
524.7549095	0.06363702
524.9799737	0.064227067
525.2050503	0.060766658
525.4301394	0.06121394
525.6552408	0.057403546
525.8803546	0.059070183
526.1054808	0.056600557
526.3306193	0.056026649
526.5557703	0.054884919
526.7809336	0.053927047
527.0061094	0.052487899
527.2312975	0.052163927
527.4564979	0.049454484
527.6817107	0.050354417
527.9069359	0.047259371
528.1321735	0.047978554
528.3574234	0.046117196
528.5826857	0.045948028
528.8079603	0.043234404
529.0332472	0.04454233
529.2585465	0.042350238
529.4838582	0.04339391
529.7091822	0.040433666
529.9345185	0.042295587
530.1598672	0.039681475
530.3852282	0.040008905
530.6106015	0.038417345
530.8359871	0.03859758
531.0613851	0.037126664
531.2867954	0.037539426
531.5122179	0.035050282
531.7376528	0.035895387
531.9631001	0.03275185
532.1885596	0.03374982
532.4140314	0.031970701
532.6395155	0.03348107
532.8650119	0.031128532
533.0905206	0.030756846
533.3160416	0.029446547
533.5415749	0.030356617
533.7671204	0.027806845
533.9926783	0.028462902
534.2182484	0.026695308
534.4438308	0.027632683
534.6694254	0.026198678
534.8950324	0.026517994
535.1206516	0.024739947
535.346283	0.025810918
535.5719267	0.023292404
535.7975827	0.024181594
536.0232509	0.023376667
536.2489314	0.024262976
536.4746241	0.0224853
536.700329	0.023508022
536.9260462	0.02194811
537.1517757	0.022126342
537.3775173	0.021366912
537.6032712	0.021590844
537.8290373	0.020139068
538.0548157	0.020005988
538.2806062	0.019387914
538.506409	0.019975808
538.732224	0.019399808
538.9580512	0.019294916
539.1838906	0.018230937
539.4097423	0.018571254
539.6356061	0.017629099
539.8614821	0.018688836
540.0873703	0.017047289
540.3132707	0.018221753
540.5391833	0.0164873
540.7651081	0.017076583
540.9910451	0.015473359
541.2169942	0.01693694
541.4429555	0.015276418
541.668929	0.016316392
541.8949147	0.01495717
542.1209125	0.016067336
542.3469225	0.014030804
542.5729447	0.014646187
542.798979	0.014248773
543.0250255	0.014598121
543.2510841	0.013436446
543.4771549	0.013800585
543.7032378	0.012925802
543.9293329	0.013884683
544.1554401	0.01190175
544.3815594	0.013793326
544.6076909	0.011908974
544.8338345	0.013371723
545.0599902	0.011823631
545.2861581	0.012492939
545.512338	0.011339258
545.7385301	0.012134932
545.9647343	0.010533177
546.1909507	0.011621885
546.4171791	0.01103138
546.6434196	0.011355477
546.8696722	0.00992234
547.095937	0.011425585
547.3222138	0.010149889
547.5485027	0.010551424
547.7748037	0.00970454
548.0011168	0.010619959
548.227442	0.009314099
548.4537793	0.010361962
548.6801286	0.008964404
548.90649	0.009591423
549.1328635	0.009480545
549.359249	0.009195343
549.5856466	0.00852349
549.8120563	0.009367165
550.0384781	0.008327671
550.2649118	0.008723204
550.4913577	0.00818853
550.7178156	0.008445801
550.9442855	0.008194458
551.1707675	0.008488635
551.3972615	0.007742128
551.6237676	0.008517919
551.8502856	0.007103799
552.0768158	0.007966919
552.3033579	0.006960212
552.5299121	0.00759279
552.7564783	0.006624286
552.9830565	0.007613991
553.2096467	0.00688202
553.4362489	0.007002746
553.6628632	0.006326158
553.8894894	0.007160296
554.1161277	0.006040184
554.3427779	0.006524649
554.5694402	0.005800964
554.7961144	0.006265047
555.0228006	0.005775365
555.2494989	0.007040324
555.476209	0.005643052
555.7029312	0.006249542
555.9296654	0.005470308
556.1564115	0.006141813
556.3831696	0.00530443
556.6099397	0.00631163
556.8367217	0.005219535
557.0635157	0.005534216
557.2903217	0.005301981
557.5171396	0.005571028
557.7439694	0.00450093
557.9708112	0.005469456
558.197665	0.004522656
558.4245307	0.0054729
558.6514083	0.004706786
558.8782979	0.005017965
559.1051994	0.004755324
559.3321129	0.005147218
559.5590382	0.004192318
559.7859755	0.005248325
560.0129248	0.004039654
560.2398859	0.005081147
560.4668589	0.003891333
560.6938439	0.004956473
560.9208408	0.003717545
561.1478495	0.00481583
561.3748702	0.003600422
561.6019028	0.004960793
561.8289472	0.003427452
562.0560036	0.004834624
562.2830719	0.004010133
562.510152	0.004886388
562.737244	0.003082621
562.9643479	0.004466123
563.1914637	0.003393007
563.4185914	0.004087828
563.6457309	0.003020516
563.8728823	0.004425712
564.1000456	0.003094427
564.3272207	0.003797763
564.5544077	0.003169247
564.7816065	0.003960139
565.0088172	0.002956914
565.2360397	0.003878318
565.4632741	0.002785951
565.6905203	0.003971317
565.9177784	0.002208433
566.1450483	0.004213429
566.3723301	0.003246973
566.5996236	0.003364835
566.826929	0.002253197
567.0542463	0.003209641
567.2815753	0.00292532
567.5089162	0.003189456
567.7362688	0.002278028
567.9636333	0.004023728
568.1910096	0.00247016
568.4183977	0.003656864
568.6457976	0.002545792
568.8732093	0.003436168
569.1006328	0.002036778
569.3280681	0.003006842
569.5555152	0.002198153
569.7829741	0.003340214
570.0104448	0.002527684
570.2379272	0.00306269
570.4654214	0.00216589
570.6929274	0.003301497
570.9204452	0.002131418
571.1479747	0.002986099
571.375516	0.00199581
571.603069	0.003053172
571.8306339	0.00210986
572.0582104	0.003740244
572.2857988	0.001548618
572.5133988	0.002840699
572.7410107	0.001313536
572.9686342	0.001916746
573.1962695	0.00226978
573.4239166	0.002731891
573.6515753	0.002011527
573.8792459	0.002477779
574.1069281	0.001831745
574.334622	0.002483229
574.5623277	0.001426406
574.7900451	0.003068361
575.0177742	0.001535412
575.2455151	0.00226638
575.4732676	0.001302837
575.7010318	0.002559009
575.9288078	0.00184571
576.1565954	0.00194171
576.3843948	0.001371201
576.6122058	0.002914663
576.8400285	0.000880773
577.067863	0.002681557
577.2957091	0.001746272
577.5235668	0.002601111
577.7514363	0.001841019
577.9793174	0.002524917
578.2072102	0.001844809
578.4351147	0.001686442
578.6630308	0.001341151
578.8909586	0.002210609
579.1188981	0.001626918
579.3468492	0.001952716
579.574812	0.001331574
579.8027864	0.00218837
580.0307724	0.00118799
580.2587701	0.002095409
580.4867795	0.002332085
580.7148005	0.001340969
580.9428331	0.002256963
581.1708773	0.001250733
581.3989332	0.002097365
581.6270007	0.001470034
581.8550799	0.002447501
582.0831706	0.001265729
582.311273	0.002453752
582.5393869	0.000852272
582.7675125	0.002238004
582.9956497	0.001052433
583.2237985	0.00179588
583.4519589	0.000563543
583.6801309	0.001915051
583.9083144	0.000442846
584.1365096	0.002175971
584.3647164	0.000464752
584.5929347	0.002533803
584.8211646	0.000739353
585.0494061	0.001840799
585.2776592	0.001104133
585.5059239	0.001843807
585.7342001	0.000492013
585.9624879	0.001678852
586.1907872	0.000512039
586.4190981	0.002001592
586.6474206	0.00088255
586.8757546	0.001846034
587.1041002	0.000688151
587.3324573	0.002408316
587.5608259	0.00111995
587.7892061	0.001514864
588.0175979	0.001082474
588.2460011	0.001787613
588.4744159	0.000341703
588.7028423	0.001652952
588.9312801	0.001388517
589.1597295	0.002255271
589.3881904	0.000549484
589.6166628	0.001772867
589.8451467	0.000437648
590.0736421	0.001768413
590.3021491	0.000602819
590.5306675	0.001653922
590.7591975	0.001174355
590.9877389	0.001742137
591.2162918	0.000884132
591.4448563	0.002281969
591.6734322	0.000455732
591.9020196	0.001619141
592.1306184	0.000683927
592.3592288	0.0013793
592.5878506	0.00065586
592.8164839	0.001535764
593.0451287	0.000627068
593.2737849	0.001633324
593.5024526	0.000550139
593.7311318	0.001376486
593.9598224	0.000815978
594.1885245	0.001965979
594.417238	0.000566803
594.645963	0.001495044
594.8746994	0.000753861
595.1034472	0.001146312
595.3322065	0.000840941
595.5609773	0.001211849
595.7897594	0.000543447
596.018553	0.001805279
596.247358	0.000632517
596.4761744	0.00129686
596.7050023	0.000964431
596.9338416	0.001593491
597.1626922	0.00034176
597.3915543	0.001357883
597.6204278	0.000528219
597.8493127	0.00127515
598.078209	0.000507487
598.3071167	0.001553158
598.5360358	0.000721608
598.7649663	0.001525344
598.9939082	0.000965415
599.2228614	0.001489529
599.4518261	0.000804286
599.6808021	0.001145475
599.9097895	0.000269733
600.1387882	0.001258122
600.3677984	0.000461295
600.5968199	0.001295372
600.8258527	0.000926301
601.054897	0.001702937
601.2839525	0.000557075
601.5130195	0.001561639
601.7420977	0.000623562
601.9711874	0.001182019
602.2002883	0.000487411
602.4294007	0.001090664
602.6585243	9.10889E-05
602.8876593	0.000704099
603.1168056	0.000394272
603.3459633	0.00104683
603.5751322	0.00084779
603.8043125	0.000983154
604.0335042	0.000835218
604.2627071	0.001575018
604.4919213	0.000896577
604.7211469	0.000856573
604.9503838	0.000314955
605.1796319	0.001114511
605.4088914	0.000557864
605.6381621	0.001797152
605.8674442	0.00033774
606.0967376	0.001488855
606.3260422	0.000238608
606.5553581	0.001139638
606.7846853	0.000515315
607.0140238	0.001252263
607.2433736	0.000509316
607.4727346	0.0010042
607.7021069	8.34928E-05
607.9314905	0.001246016
608.1608853	0.000412712
608.3902914	0.001796726
608.6197087	0.000950045
608.8491373	0.001422254
609.0785772	0.001045762
609.3080283	0.001334109
609.5374906	0.000476426
609.7669642	0.001218351
609.996449	0.000308641
610.2259451	0.001087461
610.4554524	0.000238452
610.6849709	0.001232171
610.9145006	0.000235302
611.1440416	0.001233475
611.3735938	0.000155125
611.6031572	0.001206063
611.8327318	0.000203885
612.0623176	0.001240727
612.2919147	0.000283403
612.5215229	0.000779515
612.7511423	0.000440235
612.980773	0.001289289
613.2104148	0.000458228
613.4400678	0.001453543
613.669732	0.000508059
613.8994074	0.001437329
614.129094	3.75481E-05
614.3587918	0.001137499
614.5885007	0.000633823
614.8182208	0.001101326
615.0479521	0.000708405
615.2776945	0.001286452
615.5074481	0.000200328
615.7372129	0.000874252
615.9669888	-6.80116E-09
616.1967759	0.000914892
616.4265741	0.000289272
616.6563835	0.000907471
616.886204	0.000541211
617.1160356	0.001241543
617.3458784	0.000502434
617.5757324	0.000843582
617.8055974	0.000434666
618.0354736	0.000943763
618.265361	0.000340209
618.4952594	0.001029185
618.725169	0.000535052
618.9550897	0.000902391
619.1850214	8.27959E-05
619.4149643	0.001395335
619.6449184	0.000143351
619.8748835	0.001158942
620.1048597	0.000463036
620.334847	0.001028202
620.5648454	0.000277005
620.7948549	0.001021791
621.0248755	0.000189521
621.2549072	0.000948677
621.4849499	6.37945E-05
621.7150038	0.001419019
621.9450687	-0.0003531
622.1751447	0.001228096
622.4052317	4.29825E-05
622.6353298	0.001466848
622.865439	0.000260923
623.0955593	0.001115197
623.3256906	0.000421319
623.5558329	0.001090692
623.7859863	0.000413586
624.0161508	0.001337724
624.2463263	0.000101818
624.4765128	0.001120769
624.7067104	0.000262491
624.936919	0.001092991
625.1671387	-5.20761E-05
625.3973694	0.001051712
625.6276111	-3.53467E-05
625.8578638	0.000931849
626.0881276	-0.00030592
626.3184023	0.000902025
626.5486881	0.000116163
626.7789849	0.000847698
627.0092927	0.000370341
627.2396115	0.001392912
627.4699413	-0.000243905
627.7002821	0.000973986
627.9306339	6.92585E-05
628.1609967	0.001215699
628.3913704	-0.000316107
628.6217552	0.001224351
628.8521509	-0.000494991
629.0825577	0.001003854
629.3129754	-0.000477219
629.543404	0.000842879
629.7738437	-0.000171233
630.0042943	0.001383343
630.2347559	0.000173029
630.4652284	0.001039972
630.6957119	-0.000216075
630.9262063	0.000832463
631.1567117	-0.000347582
631.3872281	0.000859887
631.6177554	0.000206771
631.8482936	0.000932885
632.0788428	-0.00017525
632.3094029	0.001033592
632.5399739	-0.000456616
632.7705559	0.000886734
633.0011488	-5.89362E-05
633.2317526	0.000673969
633.4623673	0.000455937
633.692993	0.001418563
633.9236296	5.26852E-05
634.154277	0.000664745
634.3849354	0.000238658
634.6156047	0.000777605
634.8462849	-5.51848E-05
635.076976	0.000998476
635.307678	-0.000247603
635.5383909	0.000818358
635.7691146	-0.000260138
635.9998493	0.000668304
636.2305948	0.000133427
636.4613512	0.000679394
636.6921185	-0.000153718
636.9228967	0.00099057
637.1536857	-0.000195488
637.3844856	0.001116466
637.6152964	-0.00069187
637.846118	0.000844163
638.0769505	0.00013472
638.3077939	0.000675004
638.5386481	0.000193373
638.7695131	0.000989794
639.000389	-0.000495364
639.2312757	4.95133E-05
639.4621733	0.000899825
639.6930817	0.000140593
639.9240009	0.00067011
640.154931	0.000302225
640.3858719	0.001291237
640.6168236	-0.000251092
640.8477861	0.001043019
641.0787595	9.21534E-05
641.3097437	0.000531602
641.5407386	-3.01744E-07
641.7717444	0.000773496
642.002761	-6.97048E-05
642.2337884	0.000641529
642.4648266	-0.000609559
642.6958756	0.001157189
642.9269354	0.000322821
643.1580059	0.000540687
643.3890873	-0.00023311
643.6201794	0.001030176
643.8512823	-0.000373251
644.082396	0.001619997
644.3135205	-6.04009E-05
644.5446557	0.000516088
644.7758017	-0.000150606
645.0069585	0.001087866
645.238126	-0.000855216
645.4693043	0.001031102
645.7004934	-0.000595909
645.9316932	0.000838706
646.1629037	-0.000211867
646.394125	0.0007072
646.625357	-7.09404E-05
646.8565998	0.001010149
647.0878533	6.54769E-05
647.3191175	0.000680667
647.5503925	-0.000142735
647.7816782	0.000885626
648.0129746	0.000716557
648.2442818	0.001233079
648.4755996	-0.000318738
648.7069282	0.000802618
648.9382675	-0.000626521
649.1696175	0.00045053
649.4009782	-0.000210429
649.6323496	0.000521764
649.8637317	0.00013355
650.0951245	0.0013408
650.3265279	-0.000254757
650.5579421	0.000975092
650.789367	0.000442185
651.0208025	0.00113519
651.2522487	-6.85088E-05
651.4837056	0.000618689
651.7151732	-0.000503796
651.9466515	0.000945683
652.1781404	-3.23832E-05
652.4096399	0.001060354
652.6411502	-0.000280738
652.8726711	0.000535272
653.1042026	-0.000486606
653.3357448	0.001233214
653.5672977	-0.000507175
653.7988612	0.000619024
654.0304353	-0.000520683
654.2620201	0.000728039
654.4936155	2.60553E-05
654.7252216	0.000582048
654.9568383	-0.00012603
655.1884656	0.000964402
655.4201035	-3.17253E-05
655.651752	0.00094649
655.8834112	-0.000708167
656.115081	0.000884415
656.3467614	-4.94367E-05
656.5784524	0.000120457
656.810154	-0.000229641
657.0418662	0.0007437
657.273589	-1.64022E-05
657.5053224	0.00067706
657.7370664	-0.000885563
657.968821	0.000466803
658.2005862	-0.000404959
658.4323619	0.000374647
658.6641483	-0.000411695
658.8959452	0.000770419
659.1277527	-0.0007525
659.3595707	0.000831989
659.5913994	-0.000219078
659.8232386	0.000609969
660.0550883	3.38522E-05
660.2869486	0.000572201
660.5188195	-6.6727E-05
660.7507009	0.000142344
660.9825929	3.65711E-05
661.2144954	0.000561155
661.4464084	-0.000521908
661.678332	0.000226559
661.9102662	-0.000619945
662.1422108	0.000531419
662.374166	0.000679647
662.6061318	0.000878249
662.838108	-0.000257138
663.0700948	0.000316564
663.3020921	-0.000347251
663.5340999	0.000637593
663.7661182	-0.00027667
663.998147	0.00033717
664.2301863	-0.00037207
664.4622362	0.000778327
664.6942965	-2.69295E-05
664.9263673	0.00053049
665.1584486	-0.000151777
665.3905404	0.000859234
665.6226427	-0.000498973
665.8547555	0.000506534
666.0868788	-0.000277372
666.3190125	0.000738943
666.5511567	9.19096E-05
666.7833114	0.00077737
667.0154765	-0.000610059
667.2476521	-4.31175E-05
667.4798382	-0.000371683
667.7120347	0.000614079
667.9442417	-0.000338788
668.1764592	0.000547089
668.4086871	-0.000667586
668.6409254	0.000824151
668.8731742	-0.000316723
669.1054334	0.000444936
669.3377031	-4.6976E-05
669.5699832	0.000744994
669.8022737	-0.000278221
670.0345746	0.000363986
670.266886	-0.000213259
670.4992078	0.00041518
670.73154	-0.00035173
670.9638826	0.00047783
671.1962357	-0.000420087
671.4285991	0.00066325
671.660973	7.89529E-05
671.8933572	0.000476655
672.1257519	-0.000134082
672.3581569	0.000564214
672.5905724	-0.000267468
672.8229982	0.000200015
673.0554344	-0.000314933
673.287881	0.000262326
673.520338	-0.000262884
673.7528054	0.000650472
673.9852831	-0.000280303
674.2177712	0.00092882
674.4502697	0.000130754
674.6827785	0.000652875
674.9152977	5.86106E-05
675.1478273	3.08256E-05
675.3803672	-0.000460716
675.6129175	0.000256412
675.8454781	-0.000335713
676.0780491	-0.000160837
676.3106304	-0.000664199
676.543222	0.000550244
676.775824	-0.000456532
677.0084363	0.00010027
677.241059	-0.000302929
677.473692	0.000239243
677.7063353	-0.000568033
677.9389889	0.00034358
678.1716528	-0.000712442
678.4043271	0.000860613
678.6370116	-0.000485602
678.8697065	0.001185078
679.1024117	-0.000497501
679.3351272	0.000665637
679.567853	-0.000290091
679.8005891	0.000670364
680.0333354	-0.000209977
680.2660921	0.000808877
680.4988591	-0.000701022
680.7316363	0.000205704
680.9644238	-0.000167077
681.1972216	0.000454184
681.4300297	-0.000750639
681.662848	0.000416877
681.8956766	-0.000167375
682.1285155	0.000297319
682.3613647	-0.000496933
682.594224	0.000889531
682.8270937	-0.000316297
683.0599736	0.000274628
683.2928638	-0.000683685
683.5257642	0.000221118
683.7586748	-0.001562308
683.9915957	0.000256334
684.2245268	-0.000515694
684.4574682	0.000486915
684.6904198	-6.92209E-05
684.9233816	0.000521677
685.1563536	-0.000543757
685.3893359	0.000643598
685.6223284	-0.000343556
685.8553311	-0.000286361
686.088344	-0.000626678
686.3213671	0.000315993
686.5544004	-0.000473627
686.7874439	0.000499401
687.0204977	-0.000764607
687.2535616	0.001189121
687.4866357	-0.000404462
687.71972	0.0005006
687.9528145	-0.000452254
688.1859192	0.000670559
688.419034	-0.000339351
688.6521591	0.000936758
688.8852943	-0.000487064
689.1184397	0.000481771
689.3515952	-0.001271742
689.5847609	-4.91267E-05
689.8179368	-0.000484637
690.0511228	3.13429E-05
690.284319	-0.000567625
690.5175254	5.18349E-05
690.7507419	-0.000779856
690.9839685	0.000513931
691.2172053	-0.00051089
691.4504522	0.000244558
691.6837093	-0.00039921
691.9169765	0.000384619
692.1502538	-0.000598863
692.3835413	0.000121228
692.6168389	-0.000919574
692.8501466	0.000350003
693.0834644	-0.000491029
693.3167924	0.000256404
693.5501304	-0.000996724
693.7834786	0.000376408
694.0168368	-0.000696589
694.2502052	0.000449824
694.4835837	-0.000666099
694.7169723	0.000184528
694.9503709	-0.000743865
695.1837797	0.000308792
695.4171985	-0.000640387
695.6506274	0.000249019
695.8840664	-0.000626446
696.1175155	-9.6647E-05
696.3509747	-0.001042758
696.5844439	0.000187102
696.8179232	-0.000837858
697.0514126	0.000442258
697.284912	-0.000770279
697.5184215	2.49207E-06
697.751941	-0.000590072
697.9854706	0.000404945
698.2190103	-0.000682703
698.45256	0.000320417
698.6861197	0.000378339
698.9196895	-0.000456477
699.1532693	0.000900799
699.3868592	0.00043645
699.620459	0.000268227
699.8540689	-0.000487572
700.0876889	0.000271322
700.3213188	-0.000337744
700.5549588	0.000565382
700.7886088	-0.000953242
701.0222688	0.000394112
701.2559388	-0.000798864
701.4896188	0.000614615
701.7233089	-0.000979877
701.9570089	8.44162E-05
702.1907189	-0.000959813
702.4244389	0.000601871
702.6581689	-0.000557269
702.8919089	0.000785705
703.1256589	-0.000971696
703.3594189	0.000221924
703.5931888	-0.001070898
703.8269687	0.000664411
704.0607586	-0.000820218
704.2945585	0.000348187
704.5283683	-0.000476218
704.7621881	-3.35065E-05
704.9960178	-0.00051808
705.2298575	0.000102844
705.4637072	-0.000782998
705.6975668	0.000344674
705.9314363	-0.000883348
706.1653158	1.07944E-05
706.3992052	-0.000876976
706.6331046	0.000503799
706.8670139	-0.001000028
707.1009332	0.000573849
707.3348623	-0.000956352
707.5688014	-4.9001E-06
707.8027504	-0.000546467
708.0367094	-8.22072E-05
708.2706782	-0.001271452
708.504657	0.000798639
708.7386456	-0.000254177
708.9726442	0.000501878
709.2066527	-0.000810607
709.4406711	4.48662E-05
709.6746994	-0.001006318
709.9087375	0.000159421
710.1427856	7.2949E-05
710.3768436	0.00054547
710.6109114	-0.000926557
710.8449891	0.000853467
711.0790767	-0.001095247
711.3131742	0.000671969
711.5472815	-0.000835801
711.7813988	-0.000225676
712.0155258	-0.000327019
712.2496628	-0.000131862
712.4838096	-0.000747517
712.7179663	0.00047191
712.9521328	-0.000532761
713.1863091	0.000772313
713.4204953	-0.000288932
713.6546914	0.000977755
713.8888973	-0.000383317
714.123113	0.0007034
714.3573386	-0.001183091
714.591574	9.15706E-05
714.8258192	-0.00122959
715.0600743	6.86591E-05
715.2943392	-0.000586952
715.5286139	0.000518665
715.7628984	-0.000734735
715.9971927	0.000570104
716.2314969	-0.00036311
716.4658108	0.000551251
716.7001345	-0.000701027
716.9344681	-1.03675E-05
717.1688114	-0.000184818
717.4031646	3.65162E-05
717.6375275	-0.000549902
717.8719002	-0.000204457
718.1062827	-0.000836073
718.340675	0.000479897
718.5750771	-0.001225309
718.8094889	0.000164317
719.0439106	-0.000421261
719.2783419	0.000712357
719.5127831	-0.00059935
719.747234	0.000374994
719.9816947	-0.000375516
720.2161651	0.000599542
720.4506453	-0.000347799
720.6851352	0.000484369
720.9196349	-0.001099362
721.1541443	0.000583611
721.3886635	-0.000474747
721.6231924	0.000469849
721.857731	-0.000659041
722.0922794	0.000182381
722.3268375	-0.000661429
722.5614053	0.000566405
722.7959829	-0.000756173
723.0305702	0.000309407
723.2651672	-0.001215202
723.4997739	0.000669831
723.7343903	-0.000603242
723.9690164	0.000557789
724.2036522	-0.001076477
724.4382977	0.000597897
724.6729529	-0.001043836
724.9076179	0.000456168
725.1422925	-0.00113132
725.3769768	0.000340615
725.6116707	-0.000985661
725.8463744	0.000114652
726.0810877	-0.000932006
726.3158108	0.000452761
726.5505434	-0.000709181
726.7852858	0.000389237
727.0200378	-0.000623859
727.2547995	0.000532677
727.4895709	-0.001177593
727.7243519	-5.29127E-05
727.9591425	-0.000279608
728.1939428	0.000269385
728.4287528	-0.000848809
728.6635724	0.000258978
728.8984016	-0.001131
729.1332405	0.00026864
729.368089	-0.000636994
729.6029472	0.000441585
729.837815	-0.000651734
730.0726924	0.000551871
730.3075794	-0.001105776
730.5424761	0.000328173
730.7773823	-0.00081267
731.0122982	0.000425897
731.2472237	-0.000813002
731.4821588	0.000345425
731.7171035	-0.000450013
731.9520578	0.000158251
732.1870217	-0.000793112
732.4219952	0.000726943
732.6569783	-0.001084949
732.8919709	-0.000281817
733.1269732	-0.000786535
733.361985	-0.000101758
733.5970065	5.71853E-05
733.8320375	3.59183E-05
734.067078	-0.000481767
734.3021282	0.000255508
734.5371879	-0.000695382
734.7722571	0.000557188
735.007336	-0.00081475
735.2424244	0.000293115
735.4775223	-0.000726672
735.7126298	0.000277792
735.9477468	-0.000649637
736.1828734	0.000281773
736.4180096	-0.000443726
736.6531552	-6.13087E-05
736.8883104	-0.00095964
737.1234752	-0.000205947
737.3586494	-0.000874945
737.5938332	0.000441213
737.8290265	-0.000960366
738.0642294	8.06682E-05
738.2994417	-0.000952649
738.5346636	0.000429206
738.7698949	-0.000911073
739.0051358	0.000714067
739.2403862	-0.000848926
739.4756461	0.000513425
739.7109155	-0.00031979
739.9461944	0.000156883
740.1814827	-0.000947208
740.4167806	6.77219E-05
740.6520879	-0.000609245
740.8874048	0.00026701
741.1227311	-0.001195255
741.3580669	1.6993E-05
741.5934121	-0.000917958
741.8287669	0.000471087
742.064131	-0.001031151
742.2995047	-9.69284E-05
742.5348878	-0.000610346
742.7702804	3.02157E-05
743.0056824	-0.000612507
743.2410939	0.000102148
743.4765148	-0.000708258
743.7119452	0.000409255
743.947385	-0.001054716
744.1828343	0.000293181
744.418293	-0.001119657
744.6537611	-5.25352E-05
744.8892387	-0.000915068
745.1247257	3.68259E-05
745.3602221	-0.001069377
745.5957279	0.000151373
745.8312431	-0.000968541
746.0667678	-5.38069E-05
746.3023018	-0.001366117
746.5378453	0.00068094
746.7733982	-0.000466671
747.0089605	0.000313713
747.2445322	-7.96524E-05
747.4801132	0.000439853
747.7157037	-0.000555957
747.9513035	-0.000295482
748.1869128	-0.000377749
748.4225314	0.000811974
748.6581594	-0.000899128
748.8937968	0.000228431
749.1294435	-0.00039491
749.3650997	0.00044967
749.6007652	-0.001034849
749.83644	0.000303037
750.0721242	-0.001265322
750.3078178	0.000383432
750.5435207	-0.000917841
750.779233	0.000203708
751.0149546	-0.000420361
751.2506856	0.000463964
751.4864259	-0.00039971
751.7221756	0.001046265
751.9579346	-0.000957347
752.1937029	0.000217679
752.4294805	-0.000242405
752.6652675	9.18925E-05
752.9010638	-0.001034591
753.1368694	0.000545638
753.3726844	-0.000741567
753.6085086	0.000299804
753.8443422	-0.000907699
754.0801851	0.000622535
754.3160372	-0.000839133
754.5518987	0.000243164
754.7877695	-0.00064806
755.0236496	0.000325477
755.2595389	-0.000670873
755.4954376	0.000244978
755.7313455	-0.001194129
755.9672628	0.000108416
756.2031893	-0.000778626
756.439125	4.94427E-05
756.6750701	-0.001174145
756.9110244	0.000299004
757.146988	-0.001121826
757.3829609	-0.000375699
757.618943	-0.0010583
757.8549344	7.10256E-05
758.090935	-0.000122871
758.3269449	0.000521323
758.562964	-0.000990009
758.7989924	-0.000896051
759.03503	0.000477539
759.2710769	-0.001025099
759.5071329	0.000859176
759.7431983	9.85925E-05
759.9792728	0.000179561
760.2153566	-0.001485785
760.4514496	0.000388399
760.6875518	-0.000369187
760.9236633	0.000485106
761.159784	-0.000841006
761.3959138	0.000252024
761.6320529	-0.000934249
761.8682012	-7.69117E-05
762.1043587	-0.001118398
762.3405254	0.000253553
762.5767012	-0.000650386
762.8128863	9.39209E-05
763.0490806	-0.000481735
763.285284	0.000923115
763.5214966	-0.001377439
763.7577185	0.000166365
763.9939494	0.000653077
764.2301896	0.000213533
764.4664389	-0.000884767
764.7026974	0.000306197
764.9389651	-0.001346318
765.1752419	0.000660134
765.4115279	-0.000883117
765.6478231	0.000172703
765.8841273	-0.001288204
766.1204408	0.000345178
766.3567634	-0.00043412
766.5930951	-0.000133034
766.829436	-0.000355441
767.065786	-7.03924E-05
767.3021451	-0.001498457
767.5385134	0.000313306
767.7748908	-0.000923427
768.0112773	0.000274099
768.2476729	-0.001534072
768.4840777	0.000524476
768.7204916	-0.001181716
768.9569145	0.00044652
769.1933466	-0.000852095
769.4297878	0.000682292
769.6662381	-9.17473E-05
769.9026975	0.000241846
770.139166	-0.000160734
770.3756436	0.00046751
770.6121303	-0.000730184
770.848626	-0.000276071
771.0851309	-0.00083766
771.3216448	1.89189E-05
771.5581678	-0.000127734
771.7946999	-0.000166272
772.031241	-0.001105396
772.2677912	0.000524073
772.5043505	-0.000651757
772.7409189	0.000704657
772.9774963	-0.000900104
773.2140827	0.001088703
773.4506782	-0.000915894
773.6872828	0.000514138
773.9238964	-0.001926802
774.160519	0.000577908
774.3971507	-0.001012263
774.6337914	-4.33348E-05
774.8704412	-0.00063988
775.1071	0.000447677
775.3437678	-0.001189717
775.5804446	0.000636101
775.8171305	-0.001298487
776.0538254	0.000107683
776.2905293	-0.001584464
776.5272422	0.00031914
776.7639641	-0.00163408
777.000695	0.000244321
777.2374349	-0.000854722
777.4741838	0.000834369
777.7109417	-0.000311239
777.9477086	0.000570788
778.1844845	-0.000681341
778.4212694	0.000564077
778.6580633	-0.001603907
778.8948661	7.08563E-05
779.1316779	-0.001813225
779.3684987	1.00776E-05
779.6053285	-0.001267849
779.8421672	-0.000626305
780.0790149	-0.000630762
780.3158716	0.001116029
780.5527372	-0.001565084
780.7896118	0.000222888
781.0264953	-0.000999345
781.2633878	0.000744314
781.5002892	-0.001118679
781.7371996	0.001210349
781.9741189	-0.000901043
782.2110472	0.001178444
782.4479843	-0.001489356
782.6849305	-0.000256913
782.9218855	-0.000560615
783.1588495	0.000613362
783.3958223	-0.000799401
783.6328041	0.000236283
783.8697949	-0.00069332
784.1067945	0.000567462
784.343803	-0.001814432
784.5808205	0.000502178
784.8178468	-0.001618397
785.054882	0.000764
785.2919262	-0.001345721
785.5289792	0.000411181
785.7660411	-0.000701046
786.0031119	-0.000344135
786.2401916	-0.001111947
786.4772802	0.001395301
786.7143777	-0.001000092
786.951484	0.00065889
787.1885992	-0.001053253
787.4257233	0.001043037
787.6628562	-0.001413097
787.899998	0.001889621
788.1371486	-0.000748535
788.3743081	0.000895608
788.6114765	-0.001696564
788.8486537	0.00033051
789.0858398	-0.001074836
789.3230347	0.000610422
789.5602384	-0.000946324
789.797451	4.75743E-05
790.0346724	-0.001319648
790.2719026	0.000447835
790.5091417	-0.000944248
790.7463896	0.00141323
790.9836463	-0.001354326
791.2209118	0.000655936
791.4581862	-0.001736399
791.6954693	-0.000267741
791.9327613	-0.000417414
792.1700621	0.000895523
792.4073717	-0.001775677
792.64469	-0.000283645
792.8820172	-0.000918781
793.1193532	-7.53303E-05
793.3566979	-0.000627918
793.5940515	0.001198128
793.8314138	-0.001174928
794.0687849	0.000933806
794.3061648	-0.001716732
794.5435535	0.000241181
794.7809509	-0.002042001
795.0183571	0.000561513
795.2557721	-0.001217894
795.4931958	0.000135364
795.7306283	-0.000615483
795.9680695	-0.000351111
796.2055195	-0.001565139
796.4429783	0.001238184
796.6804457	-0.001547277
796.917922	0.000703646
797.155407	-4.96715E-05
797.3929007	0.000971504
797.6304031	-0.001154519
797.8679143	0.000646796
798.1054342	-0.000728598
798.3429628	7.92117E-06
798.5805002	-0.001509161
798.8180463	0.001320312
799.055601	-0.001324729
799.2931645	0.000667284
799.5307367	-0.002475162
799.7683177	0.000180119
800.0059073	-0.001420732
800.2435056	0.000813403
800.4811126	-0.001580802
800.7187283	0.000578513
800.9563527	-0.001863922
801.1939858	0.00073559
801.4316276	-0.000842672
801.669278	-0.000707709
801.9069371	-0.000691867
802.1446049	6.09505E-06
802.3822814	-0.001118101
802.6199666	-0.000513767
802.8576604	-0.000763983
803.0953628	0.000378732
803.333074	-0.002302965
803.5707938	0.000794716
803.8085222	-0.001867094
804.0462593	0.000841624
804.284005	-0.000606821
804.5217594	0.000484335
804.7595224	-0.001134385
804.9972941	0.000269511
805.2350744	-0.000802272
805.4728633	0.001319017
805.7106608	-0.000851802
805.948467	-5.19949E-05
806.1862818	-0.001196239
806.4241052	0.000923535
806.6619373	-0.001014274
806.8997779	0.001127233
807.1376272	-0.001124599
807.375485	0.000139833
807.6133515	-0.001809807
807.8512265	0.000270989
808.0891102	-0.001061179
808.3270025	-1.88035E-05
808.5649033	-0.001858644
808.8028127	-0.000355384
809.0407307	-0.002129231
809.2786573	0.000276688
809.5165925	-0.001272033
809.7545363	0.001357326
809.9924886	-0.000962609
810.2304495	0.001334486
810.4684189	-0.000856245
810.706397	0.000601612
810.9443835	-0.000787637
811.1823787	-0.00057285
811.4203824	-0.001721302
811.6583946	0.000312133
811.8964154	-0.000794501
812.1344447	-0.000154359
812.3724826	-0.000880619
812.610529	0.000457744
812.8485839	-0.000367303
813.0866474	0.000967457
813.3247194	-0.001424841
813.5627999	0.000758864
813.800889	-0.001608991
814.0389866	0.000617942
814.2770926	-0.001848789
814.5152072	0.001515334
814.7533303	-0.001636055
814.9914619	0.001709531
815.2296021	-0.001823705
815.4677507	0.000215202
815.7059078	-0.000986298
815.9440734	0.000723704
816.1822475	-0.001383096
816.4204301	0.000526485
816.6586212	-0.002303755
816.8968207	-0.000771561
817.1350287	4.10122E-06
817.3732452	0.001214334
817.6114702	-0.001984287
817.8497037	0.001259487
818.0879456	-0.001158226
818.326196	5.23652E-05
818.5644548	-0.001288802
818.8027221	9.57093E-05
819.0409978	-0.000852469
819.279282	0.000630418
819.5175747	0.000537753
819.7558757	-0.001333193
819.9941853	0.000237153
820.2325032	-0.001005633
820.4708296	9.64069E-05
820.7091645	-0.001933288
820.9475077	0.001043064
821.1858594	-0.001991089
821.4242195	-8.90583E-05
821.6625881	-0.001707672
821.900965	0.000418308
822.1393503	-0.001647547
822.3777441	0.00068414
822.6161463	-0.001445107
822.8545569	0.00069451
823.0929758	-0.002012883
823.3314032	0.000913752
823.569839	-0.001614771
823.8082831	-0.000101238
824.0467357	-0.002090792
824.2851966	0.00158496
824.5236659	-0.000383291
824.7621436	0.000969511
825.0006297	-0.001273389
825.2391241	0.000364373
825.4776269	-0.001788354
825.7161381	0.000652771
825.9546576	-0.00085071
826.1931855	0.000770197
826.4317218	-0.001481333
826.6702664	-0.000335818
826.9088194	-0.001691608
827.1473807	0.000290223
827.3859503	-0.001487262
827.6245283	0.000418781
827.8631146	-0.001666084
828.1017093	0.000601415
828.3403123	-0.001164637
828.5789236	-5.74447E-05
828.8175433	-0.001062453
829.0561712	9.58416E-05
829.2948075	-0.00094143
829.5334521	-2.34701E-05
829.7721051	-0.001049878
830.0107663	3.11526E-05
830.2494358	-0.001911685
830.4881137	0.000734915
830.7267998	-0.002004909
830.9654943	-0.000417328
831.204197	-0.000553951
831.442908	-0.00010832
831.6816273	-0.000997431
831.9203549	0.000436437
832.1590908	-0.000781406
832.397835	0.000345397
832.6365874	-0.001367918
832.8753481	0.00011066
833.1141171	-0.001469156
833.3528943	0.001286462
833.5916798	-0.001078649
833.8304736	0.000504039
834.0692756	-0.001969543
834.3080859	0.000351118
834.5469044	-0.002222953
834.7857312	0.000566455
835.0245662	-0.001086065
835.2634095	3.79584E-06
835.502261	-0.001374014
835.7411207	-8.01454E-06
835.9799887	-0.000546037
836.2188649	0.00037011
836.4577493	-0.000809077
836.696642	0.000231646
836.9355428	-0.001380514
837.1744519	0.001056458
837.4133692	-0.0007212
837.6522947	0.000312657
837.8912284	-0.001837172
838.1301703	0.000445807
838.3691204	-0.000828183
838.6080788	0.000167916
838.8470453	-0.002284471
839.08602	0.000726129
839.3250029	-0.001300371
839.5639939	0.000686173
839.8029932	-0.001729261
840.0420006	-0.000240086
840.2810162	-0.0011922
840.52004	4.14622E-05
840.759072	-0.001747557
840.9981121	0.000385682
841.2371604	-0.00103969
841.4762168	0.000339214
841.7152814	-0.001338702
841.9543542	0.000414393
842.1934351	-0.001643914
842.4325241	0.00106781
842.6716213	-0.001530541
842.9107267	0.000466539
843.1498401	-0.000532334
843.3889617	0.000247587
843.6280915	-0.000658758
843.8672294	0.00017039
844.1063754	-0.000622568
844.3455295	0.000303566
844.5846917	-0.00054074
844.8238621	0.000274896
845.0630406	-0.001081987
845.3022271	0.000686264
845.5414218	-0.000745693
845.7806246	0.001089028
846.0198355	-0.001730848
846.2590545	-0.000287364
846.4982816	0.000243721
846.7375168	0.000333354
846.9767601	-0.002195783
847.2160114	0.000982708
847.4552708	-0.001054853
847.6945384	7.41016E-05
847.933814	-0.000748232
848.1730976	0.000224093
848.4123894	-0.001341375
848.6516892	-0.000480179
848.890997	-0.000706846
849.1303129	2.2633E-05
849.3696369	-0.001891517
849.608969	0.000929114
849.8483091	-0.000942885
850.0876572	0.000955824
850.3270134	-0.000961984
850.5663776	0.000189156
850.8057499	-0.000478193
851.0451302	0.000461279
851.2845185	-0.001091877
851.5239148	-0.000126406
851.7633192	-0.000520092
852.0027316	0.00027532
852.2421521	-0.001731648
852.4815805	0.00060466
852.721017	-0.001232274
852.9604614	0.00012698
853.1999139	-0.001314999
853.4393744	0.001015001
853.6788429	-0.001639585
853.9183194	0.00096914
854.1578038	-0.000842686
854.3972963	0.001282716
854.6367968	-0.000488412
854.8763052	0.000551749
855.1158216	-0.001128218
855.355346	0.001330816
855.5948784	-0.001650223
855.8344188	0.000567051
856.0739671	-0.001904276
856.3135234	-0.000162342
856.5530876	-0.001545732
856.7926598	0.000149441
857.03224	-0.002168283
857.2718281	-7.99742E-06
857.5114242	-0.001165522
857.7510283	0.000463877
857.9906402	-0.001267896
858.2302601	-0.000326888
858.469888	-0.001968627
858.7095238	0.000441877
858.9491675	-0.001296591
859.1888191	0.001174656
859.4284787	-0.001832341
859.6681462	0.000199105
859.9078216	-0.001137993
860.147505	0.000207037
860.3871962	-0.000971731
860.6268954	0.00061869
860.8666025	-0.00088627
861.1063174	0.001499392
861.3460403	-0.001962816
861.5857711	0.000174554
861.8255098	-0.001930342
862.0652563	2.0849E-05
862.3050108	-0.001821335
862.5447731	0.000527202
862.7845433	-0.002867053
863.0243214	0.000332755
863.2641074	-0.002130431
863.5039012	-0.000624816
863.743703	-0.000882667
863.9835126	0.000709682
864.22333	-0.002283584
864.4631553	-0.000304309
864.7029885	-0.001701353
864.9428295	0.000778621
865.1826784	-0.001109108
865.4225351	-7.87048E-05
865.6623997	-0.001447873
865.9022721	0.00191402
866.1421523	-0.002284529
866.3820404	0.000450035
866.6219363	-0.001541348
866.8618401	0.000437504
867.1017517	-0.001147445
867.3416711	0.000445472
867.5815983	-0.002797375
867.8215333	0.001961572
868.0614762	-0.001591111
868.3014268	0.001126832
868.5413853	-0.002724068
868.7813516	0.000942697
869.0213257	-0.001286
869.2613075	0.001426818
869.5012972	-0.002518564
869.7412947	0.001229003
869.9812999	-0.001942736
870.2213129	-0.000340711
870.4613338	-0.002381617
870.7013624	-0.00107809
870.9413987	-0.00208552
871.1814429	-1.41075E-05
871.4214948	-0.002444754
871.6615545	-0.000619336
871.901622	-0.002929423
872.1416972	0.000205113
872.3817801	-0.00274123
872.6218709	0.000359172
872.8619693	-0.003037658
873.1020756	0.00056751
873.3421895	-0.001637533
873.5823113	0.000530528
873.8224407	-0.002752813
874.0625779	0.002285403
874.3027228	-0.001322569
874.5428755	0.000781892
874.7830359	-0.001548649
875.023204	-0.000743701
875.2633798	-0.000115994
875.5035633	-0.001670019
875.7437546	-0.002375194
875.9839536	0.000766873
876.2241602	-0.002166602
876.4643746	-0.000319613
876.7045967	-0.003435721
876.9448265	-0.000225084
877.185064	-0.001485926
877.4253091	0.001349024
877.665562	-0.002838972
877.9058225	0.000723926
878.1460908	-0.002224453
878.3863667	0.001243863
878.6266503	-0.002749921
878.8669415	-0.000732718
879.1072404	-0.003546657
879.347547	-0.000186726
879.5878613	-0.003479007
879.8281832	0.000651738
880.0685128	-0.002268626
880.30885	0.000407513
880.5491949	-0.001378552
880.7895475	-0.002106278
881.0299077	0.002169047
881.2702755	-0.001868174
881.5106509	-0.001465395
881.751034	-0.001851655
881.9914248	0.002559843
882.2318231	-0.002262956
882.4722291	0.001042269
882.7126428	-0.002268967
882.953064	0.001012546
883.1934928	-0.002116075
883.4339293	-0.000753661
883.6743734	-0.003864096
883.9148251	-0.000580972
884.1552844	-0.002444594
884.3957513	0.001340004
884.6362258	-0.002415637
884.8767079	0.002676365
885.1171975	-0.002336582
885.3576948	0.002604094
885.5981997	-0.002972193
885.8387121	0.001372425
886.0792321	-0.001000268
886.3197597	-1.12888E-06
886.5602949	-0.004920896
886.8008377	0.000740168
887.041388	-0.003840008
887.2819459	0.001469648
887.5225113	-0.002513439
887.7630843	-0.001565879
888.0036648	-0.003098671
888.244253	0.000715222
888.4848486	-0.000628199
888.7254518	8.98373E-05
888.9660626	-0.001731485
889.2066808	0.000114566
889.4473067	-0.002421082
889.68794	0.000567021
889.9285809	-0.002666588
890.1692293	-0.00061931
890.4098852	-0.001115365
890.6505487	-0.000373265
890.8912197	-0.004043524
891.1318982	0.000752324
891.3725842	-0.003307963
891.6132777	0.000890623
891.8539787	-0.003000164
892.0946872	0.001404225
892.3354032	-0.005487702
892.5761267	0.001516547
892.8168577	-0.002965842
893.0575962	0.000404435
893.2983422	-0.001502564
893.5390957	2.68559E-05
893.7798566	-0.003229008
894.020625	0.002435705
894.2614009	-0.001490869
894.5021843	0.001977611
894.7429751	-0.002837749
894.9837734	9.1056E-05
895.2245792	-0.001759741
895.4653924	0.001160031
895.7062131	-0.003606863
895.9470412	0.000622573
896.1878768	-0.004857428
896.4287198	-0.000256041
896.6695703	-0.002548125
896.9104282	0.002823004
897.1512935	-0.00138221
897.3921663	0.001703618
897.6330465	-0.004767375
897.8739342	0.000284091
898.1148292	-0.003827337
898.3557317	0.000419083
898.5966416	-0.001720497
898.8375589	0.000228666
899.0784837	-0.005018697
899.3194158	-0.000226325
899.5603553	-0.004153391
899.8013023	0.001146907
900.0422566	-0.004107129
900.2832184	0.001300692
900.5241875	-0.002788078
900.765164	-0.000597393
901.0061479	-0.005824189
901.2471392	0.001399845
901.4881379	-0.00431717
901.7291439	0.00070318
901.9701574	-0.003488613
902.2111782	-0.000568171
902.4522063	-0.002775495
902.6932418	0.002247652
902.9342847	-0.002714082
903.175335	0.001854766
903.4163926	-0.003676419
903.6574576	0.001246985
903.8985299	-0.004133108
904.1396095	0.001297333
904.3806965	-0.002078219
904.6217909	0.000456486
904.8628925	-0.000840472
905.1040015	4.84231E-05
905.3451179	-0.004694375
905.5862416	0.002721045
905.8273725	-0.001523855
906.0685109	0.002318783
906.3096565	-0.000972063
906.5508094	-0.000374151
906.7919697	-0.004020972
907.0331373	-0.001329713
907.2743121	-0.001280913
907.5154943	0.001243235
907.7566838	-0.003385685
907.9978806	0.001114312
908.2390846	-0.00394601
908.480296	-0.000251904
908.7215146	-0.005218332
908.9627406	0.001647287
909.2039738	-0.004472191
909.4452143	0.001546299
909.686462	-0.005465765
909.927717	0.001319879
910.1689793	-0.006404271
910.4102489	0.000329196
910.6515257	-0.003300558
910.8928098	0.003020302
911.1341012	-0.002782228
911.3753998	-0.000419196
911.6167056	-0.002179419
911.8580187	0.001774168
912.099339	-0.000341855
912.3406666	0.001405446
912.5820014	-0.005569896
912.8233435	0.00217928
913.0646928	-0.002465202
913.3060493	-0.001058687
913.547413	-0.006362539
913.7887839	0.000732965
914.0301621	-0.000908732
914.2715475	0.002945846
914.5129401	-0.002838607
914.7543399	0.001415611
914.9957469	-0.002559371
915.2371611	-0.000126684
915.4785826	-0.003124899
915.7200112	0.003025776
915.961447	-0.004580427
916.20289	0.002766143
916.4443402	-0.006002682
916.6857975	0.002132557
916.9272621	-0.001371027
917.1687338	0.003038862
917.4102127	-0.004481798
917.6516988	0.000989565
917.893192	-0.004638675
918.1346924	-0.001044903
918.3762	-0.003269459
918.6177147	0.003925235
918.8592366	-0.002640656
919.1007657	0.000147091
919.3423019	-0.004022705
919.5838452	0.001841838
919.8253957	-0.003487946
920.0669533	0.000500678
920.3085181	-0.001274142
920.5500899	0.00047421
920.791669	-0.000624618
921.0332551	0.001593471
921.2748484	-0.004803623
921.5164488	0.00087254
921.7580563	-0.002212354
921.9996709	0.003517264
922.2412927	-0.006581828
922.4829215	-0.000200123
922.7245575	-0.002375005
922.9662006	0.000126071
923.2078507	-0.002907282
923.449508	-1.36629E-05
923.6911724	-0.006098029
923.9328438	0.001639183
924.1745223	-0.003085963
924.4162079	0.001803364
924.6579006	-0.002381045
924.8996004	0.000718524
925.1413073	-0.002465436
925.3830212	-0.000370658
925.6247422	-0.004869102
925.8664703	0.001013568
926.1082054	-0.002310749
926.3499476	0.003756042
926.5916968	-0.003112711
926.8334531	0.003523256
927.0752164	-0.003615662
927.3169868	0.002927484
927.5587642	-0.000881772
927.8005487	0.003265426
928.0423402	-0.003187433
928.2841388	-3.29312E-05
928.5259443	-0.002413713
928.7677569	0.002214889
929.0095766	-0.005582997
929.2514032	-0.000956133
929.4932369	-0.004230845
929.7350776	0.001662587
929.9769253	-0.004289327
930.21878	0.002122794
930.4606417	-0.004918164
930.7025104	-0.000158862
930.9443861	-0.001350803
931.1862688	0.002262817
931.4281586	-0.004556493
931.6700553	0.000616211
931.9119589	-0.003176464
932.1538696	0.001753204
932.3957873	-0.002243154
932.6377119	0.002178993
932.8796435	-0.004938349
933.1215821	0.000306621
933.3635276	-0.005210185
933.6054802	0.001426529
933.8474396	-0.005169561
934.0894061	-0.001637629
934.3313795	-0.003143459
934.5733598	-0.001124809
934.8153471	-0.002106809
935.0573413	0.001573576
935.2993425	-0.005666006
935.5413507	0.001098758
935.7833657	-0.003967057
936.0253877	0.002857434
936.2674167	-0.004096686
936.5094525	0.002200341
936.7514953	-0.002549572
936.993545	-0.000575404
937.2356017	-0.003561009
937.4776652	-0.000179323
937.7197357	-0.005098749
937.961813	-0.002152589
938.2038973	-0.006241378
938.4459885	0.003226223
938.6880866	-0.004877799
938.9301915	0.000661979
939.1723034	-0.003146109
939.4144222	-0.002238323
939.6565478	-0.002964958
939.8986804	0.001004471
940.1408198	-0.007511556
940.3829661	-5.3824E-05
940.6251192	-0.005633566
940.8672793	0.007947196
941.1094462	-0.00725614
941.35162	4.25522E-05
941.5938006	-0.007427787
941.8359881	0.001505668
942.0781825	-0.005597653
942.3203837	-0.001098411
942.5625917	0.002218846
942.8048066	-0.009598552
943.0470284	0.00502374
943.289257	-0.005155262
943.5314924	0.001123148
943.7737347	-0.004120981
944.0159838	0.000983657
944.2582397	-0.005615914
944.5005025	0.001155981
944.742772	-7.71179E-05
944.9850484	0.002103442
945.2273317	-0.00726546
945.4696217	0.004179409
945.7119185	-0.003255171
945.9542222	0.002899079
946.1965326	-0.007146739
946.4388498	0.002184855
946.6811739	-0.005680717
946.9235047	0.001607685
947.1658424	-0.004125007
947.4081868	0.003518724
947.650538	-0.005353116
947.892896	0.001296265
948.1352607	-0.006824828
948.3776323	0.000763137
948.6200106	-0.00401443
948.8623956	0.001977998
949.1047875	-0.003124432
949.3471861	0.002842461
949.5895915	-0.008478438
949.8320036	0.002404564
950.0744225	-0.010588239
950.3168481	0.003047935
950.5592805	-0.0072615
950.8017196	0.003708191
951.0441655	-0.005029165
951.2866181	0.004120737
951.5290774	-0.008124429
951.7715435	0.001255619
952.0140163	-0.006016863
952.2564958	0.002120273
952.4989821	-0.011361815
952.741475	0.002175045
952.9839747	-0.0072182
953.2264811	2.1888E-05
953.4689942	-0.003569877
953.711514	0.002257543
953.9540406	-0.008618796
954.1965738	-0.002524999
954.4391137	-0.007865876
954.6816603	0.002072647
954.9242136	-0.005792142
955.1667736	0.000487096
955.4093403	-0.007618816
955.6519136	-0.00176469
955.8944937	-0.005231688
956.1370804	0.002759855
956.3796738	-0.004109584
956.6222738	0.002910888
956.8648806	-0.007453547
957.107494	0.005371979
957.350114	-0.004510316
957.5927407	0.000803736
957.8353741	-0.009240858
958.0780141	0.000681141
958.3206607	-0.004870296
958.563314	0.003595883
958.805974	-0.003031736
959.0486406	0.004336363
959.2913138	-0.008265918
959.5339936	0.002462121
959.7766801	-0.002102452
960.0193732	0.003881087
960.2620729	-0.00398803
960.5047793	-0.002024342
960.7474922	-0.009281478
960.9902118	0.002246544
961.232938	-0.008431475
961.4756708	0.006564848
961.7184102	-0.005408317
961.9611562	0.000978326
962.2039088	-0.004798584
962.446668	0.00450338
962.6894338	-0.006386976
962.9322062	0.006902648
963.1749851	-0.002647482
963.4177707	0.000854912
963.6605628	-0.00661789
963.9033615	0.003527514
964.1461667	-0.002007653
964.3889786	0.000950749
964.631797	-0.005726306
964.874622	0.001387686
965.1174535	-0.001642853
965.3602916	0.000453009
965.6031362	-0.007483922
965.8459874	0.000543426
966.0888452	-0.011866381
966.3317094	0.004883343
966.5745803	-0.007314681
966.8174576	0.001399182
967.0603415	-0.0085168
967.303232	0.002623461
967.5461289	-0.005231357
967.7890324	0.005505695
968.0319424	-0.008761052
968.274859	0.000215053
968.517782	-0.002652623
968.7607116	0.002475783
969.0036477	-0.005409868
969.2465902	0.004096172
969.4895393	-0.004832148
969.7324949	0.002238631
969.975457	-0.002497532
970.2184256	-0.000674888
970.4614007	-0.005327288
970.7043822	0.001873619
970.9473703	-0.006406182
971.1903648	0.001690198
971.4333658	-0.007350154
971.6763733	0.001801716
971.9193872	-0.005497097
972.1624077	0.001071455
972.4054346	-0.006833312
972.6484679	0.000390794
972.8915078	-0.007135526
973.134554	0.002720888
973.3776068	-0.007567707
973.6206659	7.69924E-05
973.8637316	-0.009517743
974.1068037	0.004555214
974.3498822	-0.004411205
974.5929671	0.003054698
974.8360585	-0.007077614
975.0791564	0.001270021
975.3222606	-0.009102444
975.5653713	0.004183338
975.8084884	-0.007236175
976.0516119	0.001098598
976.2947419	-0.005855696
976.5378782	0.000182669
976.781021	-0.000791816
977.0241702	-0.000433503
977.2673258	-0.004295075
977.5104877	0.003111721
977.7536561	-0.013056102
977.9968309	0.002271386
978.2400121	-0.006143287
978.4831996	0.005531543
978.7263936	-0.00680347
978.9695939	0.001481427
979.2128006	-0.003238682
979.4560137	0.006599895
979.6992331	-0.011144964
979.9424589	0.002859616
980.1856911	0.001258503
980.4289297	0.005017491
980.6721746	-0.006902289
980.9154259	0.004320578
981.1586835	-0.005319079
981.4019475	0.002377557
981.6452178	-0.010429306
981.8884945	0.004151981
982.1317775	-0.007311058
982.3750669	0.000682432
982.6183626	-0.007464245
982.8616646	0.008857588
983.1049729	-0.00694391
983.3482876	0.006648899
983.5916086	-0.01042519
983.834936	0.007943829
984.0782696	-0.007227434
984.3216096	-7.42889E-05
984.5649558	-0.007007888
984.8083084	-0.001169713
985.0516673	-0.007025444
985.2950325	0.004581966
985.538404	-0.009119997
985.7817817	0.007468236
986.0251658	-0.004367226
986.2685562	0.002173752
986.5119528	-0.012692416
986.7553557	8.60776E-05
986.9987649	-0.013256713
987.2421804	-0.001839258
987.4856022	-0.006991995
987.7290302	0.003205533
987.9724645	-0.006020899
988.2159051	0.003898853
988.4593519	-0.00881736
988.702805	-0.002796821
988.9462643	-0.010298427
989.1897299	0.000796638
989.4332017	-0.006933061
989.6766798	0.002857521
989.9201641	-0.011131628
990.1636547	0.005088204
990.4071515	-0.012640213
990.6506545	0.004211848
990.8941638	-0.011200443
991.1376792	0.001869735
991.381201	-0.012793091
991.6247289	0.003135266
991.868263	-0.009078399
992.1118034	0.002911888
992.35535	-0.013721503
992.5989028	0.001223207
992.8424618	-0.008168385
993.0860269	0.000285458
993.3295983	-0.001214064
993.5731759	0.004554884
993.8167597	-0.011565681
994.0603497	0.001147276
994.3039458	-0.011505105
994.5475481	0.003727042
994.7911567	-0.016066863
995.0347714	0.002941286
995.2783922	-0.001596417
995.5220193	0.004909787
995.7656525	-0.008708516
996.0092918	-0.000968985
996.2529374	-0.009635547
996.4965891	0.009026091
996.7402469	-0.008668291
996.9839109	-8.25285E-05
997.227581	-0.006947309
997.4712573	0.005195541
997.7149398	-0.010259111
997.9586283	0.004974011
998.202323	-0.00687863
998.4460239	0.005486969
998.6897309	-0.005929403
998.933444	0.002775907
999.1771632	-0.009546386
999.4208885	0.006825265
999.66462	-0.007257732
999.9083576	0.004210666
1000.152101	-0.016037804
1000.395851	0.003772301
1000.639607	-0.009340672
1000.883369	0.004761649
1001.127137	-0.00943037
1001.370911	-0.000933952
1001.614692	-0.0053451
1001.858478	0.003147537
1002.10227	-0.003039832
1002.346069	0.016481203
1002.589874	-0.010657051
1002.833684	0.000778035
1003.077501	-0.013210568
1003.321324	-0.002728031
1003.565153	-0.014544042
1003.808988	0.008104267
1004.052829	-0.012840539
1004.296676	-0.000191369
1004.540529	-0.007668072
1004.784388	-0.015956557
1005.028254	0.007314371
1005.272125	-0.00903171
1005.516002	0.003183029
1005.759886	-0.015923953
1006.003775	0.003789959
1006.247671	-0.016260514
1006.491572	-0.000180819
1006.73548	-0.009729582
1006.979393	0.005201987
1007.223313	-0.010964287
1007.467238	-0.001474443
1007.71117	-0.014386638
1007.955107	0.001923161
1008.199051	-0.017491114
1008.443001	0.003243359
1008.686956	-0.011663019
1008.930918	-0.004995219
1009.174886	-0.004925811
1009.418859	0.017457994
1009.662839	-0.00852282
1009.906824	-0.00172878
1010.150816	-0.018875537
1010.394814	-0.001229829
1010.638817	-0.01895095
1010.882827	0.0095537
1011.126842	-0.01733482
1011.370863	0.006479071
1011.614891	-0.002376545
1011.858924	0.012484028
1012.102964	-0.027703126
1012.347009	0.011786784
1012.59106	-0.006221424
1012.835117	0.013093876
1013.07918	-0.015554827
1013.32325	0.003048211
1013.567325	-0.021103542
1013.811405	0.000292527
1014.055492	-0.019897023
1014.299585	0.006528636
1014.543684	-0.013359142
1014.787789	-0.008647194
1015.031899	-0.023048732
1015.276016	0.004368717
1015.520138	-0.015786233
1015.764266	0.000708865
1016.008401	-0.008932414
1016.252541	0.009290365
1016.496687	-0.025652109
1016.740839	0.000614777
1016.984997	-0.00275679
1017.22916	0.006864964
1017.47333	-0.005054025
1017.717506	0.009024327
1017.961687	-0.021480507
1018.205874	0.014413841
1018.450067	-0.030759429
1018.694266	0.012248588
1018.938471	0.000375128
1019.182682	0.018246191
1019.426899	-0.009838076
1019.671121	0.004146642
1019.91535	-0.027858704
1020.159584	0.004056009
1020.403824	-0.01332858
1020.64807	0.002022207
1020.892322	-0.019562942
1021.136579	-0.01286057
1021.380843	-0.008063317
1021.625112	0.007000609
1021.869387	-0.034057578
1022.113668	0.017954386
1022.357955	0
1022.602247	0
1022.846546	0
1023.09085	0
1023.33516	0
1023.579476	0
1023.823798	0
1024.068125	0
1024.312458	0
1024.556798	0
1024.801142	0
1025.045493	0
1025.28985	0
1025.534212	0
1025.77858	0
1026.022954	0
1026.267333	0
1026.511719	0
1026.75611	0
1027.000507	0
1027.244909	0
1027.489318	0
1027.733732	0
1027.978152	0
1127.37	0.01
1127.49	0.01
1127.62	0.01
1127.75	0.01
1127.87	0.01
1128.00	0.01
1128.13	0.01
1128.25	0.01
1128.38	0.01
1128.51	0.01
1128.63	0.01
1128.76	0.01
1128.89	0.01
1129.01	0.01
1129.14	0.01
1129.27	0.01
1129.39	0.01
1129.52	0.01
1129.65	0.01
1129.78	0.01
1129.90	0.01
1130.03	0.01
1130.16	0.01
1130.28	0.01
1130.41	0.01
1130.54	0.01
1130.67	0.01
1130.79	0.01
1130.92	0.01
1131.05	0.01
1131.17	0.01
1131.30	0.01
1131.43	0.01
1131.56	0.01
1131.68	0.01
1131.81	0.01
1131.94	0.01
1132.07	0.01
1132.19	0.01
1132.32	0.01
1132.45	0.01
1132.58	0.01
1132.70	0.01
1132.83	0.01
1132.96	0.01
1133.09	0.01
1133.22	0.01
1133.34	0.01
1133.47	0.01
1133.60	0.01
1133.73	0.01
1133.85	0.01
1133.98	0.01
1134.11	0.01
1134.24	0.01
1134.37	0.01
1134.49	0.01
1134.62	0.01
1134.75	0.01
1134.88	0.01
1135.01	0.01
1135.14	0.01
1135.26	0.01
1135.39	0.01
1135.52	0.01
1135.65	0.01
1135.78	0.01
1135.90	0.01
1136.03	0.01
1136.16	0.01
1136.29	0.01
1136.42	0.01
1136.55	0.01
1136.68	0.01
1136.80	0.01
1136.93	0.01
1137.06	0.01
1137.19	0.01
1137.32	0.01
1137.45	0.01
1137.58	0.01
1137.71	0.01
1137.83	0.01
1137.96	0.01
1138.09	0.01
1138.22	0.01
1138.35	0.01
1138.48	0.01
1138.61	0.01
1138.74	0.01
1138.87	0.01
1138.99	0.01
1139.12	0.01
1139.25	0.01
1139.38	0.01
1139.51	0.01
1139.64	0.01
1139.77	0.01
1139.90	0.01
1140.03	0.01
1140.16	0.01
1140.29	0.01
1140.42	0.01
1140.55	0.01
1140.68	0.01
1140.80	0.01
1140.93	0.01
1141.06	0.01
1141.19	0.01
1141.32	0.01
1141.45	0.01
1141.58	0.01
1141.71	0.01
1141.84	0.01
1141.97	0.01
1142.10	0.00
1142.23	0.00
1142.36	0.00
1142.49	0.01
1142.62	0.01
1142.75	0.00
1142.88	0.00
1143.01	0.00
1143.14	0.00
1143.27	0.00
1143.40	0.00
1143.53	0.00
1143.66	0.00
1143.79	0.00
1143.92	0.00
1144.05	0.00
1144.18	0.00
1144.31	0.00
1144.44	0.00
1144.57	0.00
1144.70	0.00
1144.83	0.00
1144.96	0.00
1145.09	0.00
1145.23	0.00
1145.36	0.00
1145.49	0.00
1145.62	0.00
1145.75	0.00
1145.88	0.00
1146.01	0.00
1146.14	0.00
1146.27	0.00
1146.40	0.00
1146.53	0.00
1146.66	0.00
1146.79	0.00
1146.92	0.00
1147.06	0.00
1147.19	0.00
1147.32	0.00
1147.45	0.00
1147.58	0.00
1147.71	0.00
1147.84	0.00
1147.97	0.00
1148.10	0.00
1148.23	0.00
1148.37	0.00
1148.50	0.00
1148.63	0.00
1148.76	0.00
1148.89	0.00
1149.02	0.00
1149.15	0.00
1149.29	0.00
1149.42	0.00
1149.55	0.00
1149.68	0.00
1149.81	0.00
1149.94	0.00
1150.07	0.00
1150.21	0.00
1150.34	0.00
1150.47	0.00
1150.60	0.00
1150.73	0.00
1150.86	0.00
1151.00	0.00
1151.13	0.00
1151.26	0.00
1151.39	0.00
1151.52	0.00
1151.66	0.00
1151.79	0.00
1151.92	0.00
1152.05	0.00
1152.18	0.00
1152.32	0.00
1152.45	0.00
1152.58	0.00
1152.71	0.00
1152.85	0.00
1152.98	0.00
1153.11	0.00
1153.24	0.00
1153.37	0.00
1153.51	0.00
1153.64	0.00
1153.77	0.00
1153.90	0.00
1154.04	0.00
1154.17	0.00
1154.30	0.00
1154.43	0.00
1154.57	0.00
1154.70	0.00
1154.83	0.00
1154.96	0.00
1155.10	0.00
1155.23	0.00
1155.36	0.00
1155.50	0.00
1155.63	0.00
1155.76	0.00
1155.89	0.00
1156.03	0.00
1156.16	0.00
1156.29	0.00
1156.43	0.00
1156.56	0.00
1156.69	0.00
1156.83	0.00
1156.96	0.00
1157.09	0.00
1157.23	0.00
1157.36	0.00
1157.49	0.00
1157.63	0.00
1157.76	0.00
1157.89	0.00
1158.03	0.00
1158.16	0.00
1158.29	0.00
1158.43	0.00
1158.56	0.00
1158.69	0.00
1158.83	0.00
1158.96	0.00
1159.09	0.00
1159.23	0.00
1159.36	0.00
1159.50	0.00
1159.63	0.00
1159.76	0.00
1159.90	0.00
1160.03	0.00
1160.17	0.00
1160.30	0.00
1160.43	0.00
1160.57	0.00
1160.70	0.00
1160.84	0.00
1160.97	0.00
1161.10	0.00
1161.24	0.00
1161.37	0.00
1161.51	0.00
1161.64	0.00
1161.77	0.00
1161.91	0.00
1162.04	0.00
1162.18	0.00
1162.31	0.00
1162.45	0.00
1162.58	0.00
1162.72	0.00
1162.85	0.00
1162.98	0.00
1163.12	0.00
1163.25	0.00
1163.39	0.00
1163.52	0.00
1163.66	0.00
1163.79	0.00
1163.93	0.00
1164.06	0.00
1164.20	0.00
1164.33	0.00
1164.47	0.00
1164.60	0.00
1164.74	0.00
1164.87	0.00
1165.01	0.00
1165.14	0.00
1165.28	0.00
1165.41	0.00
1165.55	0.00
1165.68	0.00
1165.82	0.00
1165.95	0.00
1166.09	0.00
1166.22	0.00
1166.36	0.00
1166.49	0.00
1166.63	0.00
1166.77	0.00
1166.90	0.00
1167.04	0.00
1167.17	0.00
1167.31	0.00
1167.44	0.00
1167.58	0.00
1167.71	0.00
1167.85	0.00
1167.99	0.00
1168.12	0.00
1168.26	0.00
1168.39	0.00
1168.53	0.00
1168.66	0.00
1168.80	0.00
1168.94	0.00
1169.07	0.00
1169.21	0.00
1169.34	0.00
1169.48	0.00
1169.62	0.00
1169.75	0.00
1169.89	0.00
1170.03	0.00
1170.16	0.00
1170.30	0.00
1170.43	0.00
1170.57	0.00
1170.71	0.00
1170.84	0.00
1170.98	0.00
1171.12	0.00
1171.25	0.00
1171.39	0.00
1171.53	0.00
1171.66	0.00
1171.80	0.00
1171.94	0.00
1172.07	0.00
1172.21	0.00
1172.35	0.00
1172.48	0.00
1172.62	0.00
1172.76	0.00
1172.89	0.00
1173.03	0.00
1173.17	0.00
1173.30	0.00
1173.44	0.00
1173.58	0.00
1173.72	0.00
1173.85	0.00
1173.99	0.00
1174.13	0.00
1174.26	0.00
1174.40	0.00
1174.54	0.00
1174.68	0.00
1174.81	0.00
1174.95	0.00
1175.09	0.00
1175.23	0.00
1175.36	0.00
1175.50	0.00
1175.64	0.00
1175.78	0.00
1175.91	0.00
1176.05	0.00
1176.19	0.00
1176.33	0.00
1176.46	0.00
1176.60	0.00
1176.74	0.00
1176.88	0.00
1177.01	0.00
1177.15	0.00
1177.29	0.00
1177.43	0.00
1177.57	0.00
1177.70	0.00
1177.84	0.00
1177.98	0.00
1178.12	0.00
1178.26	0.00
1178.39	0.00
1178.53	0.00
1178.67	0.00
1178.81	0.00
1178.95	0.00
1179.09	0.00
1179.22	0.00
1179.36	0.00
1179.50	0.00
1179.64	0.00
1179.78	0.00
1179.92	0.00
1180.06	0.00
1180.19	0.00
1180.33	0.00
1180.47	0.00
1180.61	0.00
1180.75	0.00
1180.89	0.00
1181.03	0.00
1181.16	0.00
1181.30	0.00
1181.44	0.00
1181.58	0.00
1181.72	0.00
1181.86	0.00
1182.00	0.00
1182.14	0.00
1182.28	0.00
1182.42	0.00
1182.55	0.00
1182.69	0.00
1182.83	0.00
1182.97	0.00
1183.11	0.00
1183.25	0.00
1183.39	0.00
1183.53	0.00
1183.67	0.00
1183.81	0.00
1183.95	0.00
1184.09	0.00
1184.23	0.00
1184.37	0.00
1184.51	0.00
1184.65	0.00
1184.79	0.00
1184.93	0.00
1185.06	0.00
1185.20	0.00
1185.34	0.00
1185.48	0.00
1185.62	0.00
1185.76	0.00
1185.90	0.00
1186.04	0.00
1186.18	0.00
1186.32	0.00
1186.46	0.00
1186.60	0.00
1186.74	0.00
1186.88	0.00
1187.02	0.00
1187.16	0.00
1187.31	0.00
1187.45	0.00
1187.59	0.00
1187.73	0.00
1187.87	0.00
1188.01	0.00
1188.15	0.00
1188.29	0.00
1188.43	0.00
1188.57	0.00
1188.71	0.00
1188.85	0.00
1188.99	0.00
1189.13	0.00
1189.27	0.00
1189.41	0.00
1189.55	0.00
1189.69	0.00
1189.84	0.00
1189.98	0.00
1190.12	0.00
1190.26	0.00
1190.40	0.00
1190.54	0.00
1190.68	0.00
1190.82	0.00
1190.96	0.00
1191.10	0.00
1191.25	0.00
1191.39	0.00
1191.53	0.00
1191.67	0.00
1191.81	0.00
1191.95	0.00
1192.09	0.00
1192.24	0.00
1192.38	0.00
1192.52	0.00
1192.66	0.00
1192.80	0.00
1192.94	0.00
1193.08	0.00
1193.23	0.00
1193.37	0.00
1193.51	0.00
1193.65	0.00
1193.79	0.00
1193.93	0.00
1194.08	0.00
1194.22	0.00
1194.36	0.00
1194.50	0.00
1194.64	0.00
1194.79	0.00
1194.93	0.00
1195.07	0.00
1195.21	0.00
1195.35	0.00
1195.50	0.00
1195.64	0.00
1195.78	0.00
1195.92	0.00
1196.07	0.00
1196.21	0.00
1196.35	0.00
1196.49	0.00
1196.64	0.00
1196.78	0.00
1196.92	0.00
1197.06	0.00
1197.21	0.00
1197.35	0.00
1197.49	0.00
1197.63	0.00
1197.78	0.00
1197.92	0.00
1198.06	0.00
1198.21	0.00
1198.35	0.00
1198.49	0.00
1198.63	0.00
1198.78	0.00
1198.92	0.00
1199.06	0.00
1199.21	0.00
1199.35	0.00
1199.49	0.00
1199.64	0.00
1199.78	0.00
1199.92	0.00
1200.07	0.00
