Wavelength (nm)	Normalized Intensity
200.0	0.0
200.2	0.0
200.4	0.0
200.6	0.0
200.8	0.0
201.1	0.0
201.3	0.0
201.5	0.0
201.7	0.0
201.9	0.0
202.1	0.0
202.3	0.0
202.5	0.0
202.7	0.0
202.9	0.0
203.1	0.0
203.3	0.0
203.5	0.0
203.7	0.0
203.9	0.0
204.1	0.0
204.3	0.0
204.5	0.0
204.7	0.0
204.9	0.0
205.1	0.0
205.3	0.0
205.5	0.0
205.7	0.0
205.9	0.0
206.1	0.0
206.3	0.0
206.5	0.0
206.7	0.0
206.9	0.0
207.1	0.0
207.3	0.0
207.5	0.0
207.8	0.0
208.0	0.0
208.2	0.0
208.4	0.0
208.6	0.0
208.8	0.0
209.0	0.0
209.2	0.0
209.4	0.0
209.6	0.0
209.8	0.0
210.0	0.0
210.2	0.0
210.4	0.0
210.6	0.0
210.8	0.0
211.0	0.0
211.2	0.0
211.4	0.0
211.6	0.0
211.8	0.0
212.0	0.0
212.2	0.0
212.4	0.0
212.6	0.0
212.8	0.0
213.0	0.0
213.2	0.0
213.5	0.0
213.7	0.0
213.9	0.0
214.1	0.0
214.3	0.0
214.5	0.0
214.7	0.0
214.9	0.0
215.1	0.0
215.3	0.0
215.5	0.0
215.7	0.0
215.9	0.0
216.1	0.0
216.3	0.0
216.5	0.0
216.7	0.0
216.9	0.0
217.1	0.0
217.3	0.0
217.5	0.0
217.7	0.0
217.9	0.0
218.1	0.0
218.3	0.0
218.6	0.0
218.8	0.0
219.0	0.0
219.2	0.0
219.4	0.0
219.6	0.0
219.8	0.0
220.0	0.0
220.2	0.0
220.4	0.0
220.6	0.0
220.8	0.0
221.0	0.0
221.2	0.0
221.4	0.0
221.6	0.0
221.8	0.0
222.0	0.0
222.2	0.0
222.4	0.0
222.6	0.0
222.8	0.0
223.1	0.0
223.3	0.0
223.5	0.0
223.7	0.0
223.9	0.0
224.1	0.0
224.3	0.0
224.5	0.0
224.7	0.0
224.9	0.0
225.1	0.0
225.3	0.0
225.5	0.0
225.7	0.0
225.9	0.0
226.1	0.0
226.3	0.0
226.5	0.0
226.7	0.0
226.9	0.0
227.1	0.0
227.4	0.0
227.6	0.0
227.8	0.0
228.0	0.0
228.2	0.0
228.4	0.0
228.6	0.0
228.8	0.0
229.0	0.0
229.2	0.0
229.4	0.0
229.6	0.0
229.8	0.0
230.0	0.0
230.2	0.0
230.4	0.0
230.6	0.0
230.8	0.0
231.0	0.0
231.2	0.0
231.5	0.0
231.7	0.0
231.9	0.0
232.1	0.0
232.3	0.0
232.5	0.0
232.7	0.0
232.9	0.0
233.1	0.0
233.3	0.0
233.5	0.0
233.7	0.0
233.9	0.0
234.1	0.0
234.3	0.0
234.5	0.0
234.7	0.0
234.9	0.0
235.2	0.0
235.4	0.0
235.6	0.0
235.8	0.0
236.0	0.0
236.2	0.0
236.4	0.0
236.6	0.0
236.8	0.0
237.0	0.0
237.2	0.0
237.4	0.0
237.6	0.0
237.8	0.0
238.0	0.0
238.2	0.0
238.4	0.0
238.7	0.0
238.9	0.0
239.1	0.0
239.3	0.0
239.5	0.0
239.7	0.0
239.9	0.0
240.1	0.0
240.3	0.0
240.5	0.0
240.7	0.0
240.9	0.0
241.1	0.0
241.3	0.0
241.5	0.0
241.7	0.0
241.9	0.0
242.2	0.0
242.4	0.0
242.6	0.0
242.8	0.0
243.0	0.0
243.2	0.0
243.4	0.0
243.6	0.0
243.8	0.0
244.0	0.0
244.2	0.0
244.4	0.0
244.6	0.0
244.8	0.0
245.0	0.0
245.2	0.0
245.5	0.0
245.7	0.0
245.9	0.0
246.1	0.0
246.3	0.0
246.5	0.0
246.7	0.0
246.9	0.0
247.1	0.0
247.3	0.0
247.5	0.0
247.7	0.0
247.9	0.0
248.1	0.0
248.3	0.0
248.6	0.0
248.8	0.0
249.0	0.0
249.2	0.0
249.4	0.0
249.6	0.0
249.8	0.0
250.0	0.0
250.2	0.0
250.4	0.0
250.6	0.0
250.8	0.0
251.0	0.0
251.2	0.0
251.4	0.0
251.7	0.0
251.9	0.0
252.1	0.0
252.3	0.0
252.5	0.0
252.7	0.0
252.9	0.0
253.1	0.0
253.3	0.0
253.5	0.0
253.7	0.0
253.9	0.0
254.1	0.0
254.3	0.0
254.6	0.0
254.8	0.0
255.0	0.0
255.2	0.0
255.4	0.0
255.6	0.0
255.8	0.0
256.0	0.0
256.2	0.0
256.4	0.0
256.6	0.0
256.8	0.0
257.0	0.0
257.2	0.0
257.5	0.0
257.7	0.0
257.9	0.0
258.1	0.0
258.3	0.0
258.5	0.0
258.7	0.0
258.9	0.0
259.1	0.0
259.3	0.0
259.5	0.0
259.7	0.0
259.9	0.0
260.2	0.0
260.4	0.0
260.6	0.0
260.8	0.0
261.0	0.0
261.2	0.0
261.4	0.0
261.6	0.0
261.8	0.0
262.0	0.0
262.2	0.0
262.4	0.0
262.6	0.0
262.9	0.0
263.1	0.0
263.3	0.0
263.5	0.0
263.7	0.0
263.9	0.0
264.1	0.0
264.3	0.0
264.5	0.0
264.7	0.0
264.9	0.0
265.1	0.0
265.3	0.0
265.6	0.0
265.8	0.0
266.0	0.0
266.2	0.0
266.4	0.0
266.6	0.0
266.8	0.0
267.0	0.0
267.2	0.0
267.4	0.0
267.6	0.0
267.8	0.0
268.1	0.0
268.3	0.0
268.5	0.0
268.7	0.0
268.9	0.0
269.1	0.0
269.3	0.0
269.5	0.0
269.7	0.0
269.9	0.0
270.1	0.0
270.3	0.0
270.6	0.0
270.8	0.0
271.0	0.0
271.2	0.0
271.4	0.0
271.6	0.0
271.8	0.0
272.0	0.0
272.2	0.0
272.4	0.0
272.6	0.0
272.8	0.0
273.1	0.0
273.3	0.0
273.5	0.0
273.7	0.0
273.9	0.0
274.1	0.0
274.3	0.0
274.5	0.0
274.7	0.0
274.9	0.0
275.1	0.0
275.3	0.0
275.6	0.0
275.8	0.0
276.0	0.0
276.2	0.0
276.4	0.0
276.6	0.0
276.8	0.0
277.0	0.0
277.2	0.0
277.4	0.0
277.6	0.0
277.9	0.0
278.1	0.0
278.3	0.0
278.5	0.0
278.7	0.0
278.9	0.0
279.1	0.0
279.3	0.0
279.5	0.0
279.7	0.0
279.9	0.0
280.2	0.0
280.4	0.0
280.6	0.0
280.8	0.0
281.0	0.0
281.2	0.0
281.4	0.0
281.6	0.0
281.8	0.0
282.0	0.0
282.2	0.0
282.5	0.0
282.7	0.0
282.9	0.0
283.1	0.0
283.3	0.0
283.5	0.0
283.7	0.0
283.9	0.0
284.1	0.0
284.3	0.0
284.5	0.0
284.8	0.0
285.0	0.0
285.2	0.0
285.4	0.0
285.6	0.0
285.8	0.0
286.0	0.0
286.2	0.0
286.4	0.0
286.6	0.0
286.9	0.0
287.1	0.0
287.3	0.0
287.5	0.0
287.7	0.0
287.9	0.0
288.1	0.0
288.3	0.0
288.5	0.0
288.7	0.0
289.0	0.0
289.2	0.0
289.4	0.0
289.6	0.0
289.8	0.0
290.0	0.0
290.2	0.0
290.4	0.0
290.6	0.0
290.8	0.0
291.1	0.0
291.3	0.0
291.5	0.0
291.7	0.0
291.9	0.0
292.1	0.0
292.3	0.0
292.5	0.0
292.7	0.0
292.9	0.0
293.2	0.0
293.4	0.0
293.6	0.0
293.8	0.0
294.0	0.0
294.2	0.0
294.4	0.0
294.6	0.0
294.8	0.0
295.0	0.0
295.3	0.0
295.5	0.0
295.7	0.0
295.9	0.0
296.1	0.0
296.3	0.0
296.5	0.0
296.7	0.0
296.9	0.0
297.1	0.0
297.4	0.0
297.6	0.0
297.8	0.0
298.0	0.0
298.2	0.0
298.4	0.0
298.6	0.0
298.8	0.0
299.0	0.0
299.3	0.0
299.5	0.0
299.7	0.0
299.9	0.0
300.1	0.0
300.3	0.0
300.5	0.0
300.7	0.0
300.9	0.0
301.1	0.0
301.4	0.0
301.6	0.0
301.8	0.0
302.0	0.0
302.2	0.0
302.4	0.0
302.6	0.0
302.8	0.0
303.0	0.0
303.3	0.0
303.5	0.0
303.7	0.0
303.9	0.0
304.1	0.0
304.3	0.0
304.5	0.0
304.7	0.0
304.9	0.0
305.2	0.0
305.4	0.0
305.6	0.0
305.8	0.0
306.0	0.0
306.2	0.0
306.4	0.0
306.6	0.0
306.8	0.0
307.1	0.0
307.3	0.0
307.5	0.0
307.7	0.0
307.9	0.0
308.1	0.0
308.3	0.0
308.5	0.0
308.7	0.0
309.0	0.0
309.2	0.0
309.4	0.0
309.6	0.0
309.8	0.0
310.0	0.0
310.2	0.0
310.4	0.0
310.6	0.0
310.9	0.0
311.1	0.0
311.3	0.0
311.5	0.0
311.7	0.0
311.9	0.0
312.1	0.0
312.3	0.0
312.5	0.0
312.8	0.0
313.0	0.0
313.2	0.0
313.4	0.0
313.6	0.0
313.8	0.0
314.0	0.0
314.2	0.0
314.5	0.0
314.7	0.0
314.9	0.0
315.1	0.0
315.3	0.0
315.5	0.0
315.7	0.0
315.9	0.0
316.1	0.0
316.4	0.0
316.6	0.0
316.8	0.0
317.0	0.0
317.2	0.0
317.4	0.0
317.6	0.0
317.8	0.0
318.1	0.0
318.3	0.0
318.5	0.0
318.7	0.0
318.9	0.0
319.1	0.0
319.3	0.0
319.5	0.0
319.7	0.0
320.0	0.0
320.2	0.0
320.4	0.0
320.6	0.0
320.8	0.0
321.0	0.0
321.2	0.0
321.4	0.0
321.7	0.0
321.9	0.0
322.1	0.0
322.3	0.0
322.5	0.0
322.7	0.0
322.9	0.0
323.1	0.0
323.4	0.0
323.6	0.0
323.8	0.0
324.0	0.0
324.2	0.0
324.4	0.0
324.6	0.0
324.8	0.0
325.1	0.0
325.3	0.0
325.5	0.0
325.7	0.0
325.9	0.0
326.1	0.0
326.3	0.0
326.5	0.0
326.8	0.0
327.0	0.0
327.2	0.0
327.4	0.0
327.6	0.0
327.8	0.0
328.0	0.0
328.2	0.0
328.5	0.0
328.7	0.0
328.9	0.0
329.1	0.0
329.3	0.0
329.5	0.0
329.7	0.0
329.9	0.0
330.2	0.0
330.4	0.0
330.6	0.0
330.8	0.0
331.0	0.0
331.2	0.0
331.4	0.0
331.6	0.0
331.9	0.0
332.1	0.0
332.3	0.0
332.5	0.0
332.7	0.0
332.9	0.0
333.1	0.0
333.4	0.0
333.6	0.0
333.8	0.0
334.0	0.0
334.2	0.0
334.4	0.0
334.6	0.0
334.8	0.0
335.1	0.0
335.3	0.0
335.5	0.0
335.7	0.0
335.9	0.0
336.1	0.0
336.3	0.0
336.5	0.0
336.8	0.0
337.0	0.0
337.2	0.0
337.4	0.0
337.6	0.0
337.8	0.0
338.0	0.0
338.3	0.0
338.5	0.0
338.7	0.0
338.9	0.0
339.1	0.0
339.3	0.0
339.5	0.0
339.7	0.0
340.0	0.0
340.2	0.0
340.4	0.0
340.6	0.0
340.8	0.0
341.0	0.0
341.2	0.0
341.5	0.0
341.7	0.0
341.9	0.0
342.1	0.0
342.3	0.0
342.5	0.0
342.7	0.0
343.0	0.0
343.2	0.0
343.4	0.0
343.6	0.0
343.8	0.0
344.0	0.0
344.2	0.0
344.5	0.0
344.7	0.0
344.9	0.0
345.1	0.0
345.3	0.0
345.5	0.0
345.7	0.0
345.9	0.0
346.2	0.0
346.4	0.0
346.6	0.0
346.8	0.0
347.0	0.0
347.2	0.0
347.4	0.0
347.7	0.0
347.9	0.0
348.1	0.0
348.3	0.0
348.5	0.0
348.7	0.0
348.9	0.0
349.2	0.0
349.4	0.0
349.6	0.0
349.8	0.0
350.0	0.0
350.2	0.0
350.4	0.0
350.7	0.0
350.9	0.0
351.1	0.0
351.3	0.0
351.5	0.0
351.7	0.0
351.9	0.0
352.2	0.0
352.4	0.0
352.6	0.0
352.8	0.0
353.0	0.0
353.2	0.0
353.4	0.0
353.7	0.0
353.9	0.0
354.1	0.0
354.3	0.0
354.5	0.0
354.7	0.0
354.9	0.0
355.2	0.0
355.4	0.0
355.6	0.0
355.8	0.0
356.0	0.0
356.2	0.0
356.4	0.0
356.7	0.0
356.9	0.0
357.1	0.0
357.3	0.0
357.5	0.0
357.7	0.0
358.0	0.0
358.2	0.0
358.4	0.0
358.6	0.0
358.8	0.0
359.0	0.0
359.2	0.0
359.5	0.0
359.7	0.0
359.9	0.0
360.1	0.0
360.3	0.0
360.5	0.0
360.7	0.0
361.0	0.0
361.2	0.0
361.4	0.0
361.6	0.0
361.8	0.0
362.0	0.0
362.2	0.0
362.5	0.0
362.7	0.0
362.9	0.0
363.1	0.0
363.3	0.0
363.5	0.0
363.8	0.0
364.0	0.0
364.2	0.0
364.4	0.0
364.6	0.0
364.8	0.0
365.0	0.0
365.3	0.0
365.5	0.0
365.7	0.0
365.9	0.0
366.1	0.0
366.3	0.0
366.6	0.0
366.8	0.0
367.0	0.0
367.2	0.0
367.4	0.0
367.6	0.0
367.8	0.0
368.1	0.0
368.3	0.0
368.5	0.0
368.7	0.0
368.9	0.0
369.1	0.0
369.4	0.0
369.6	0.0
369.8	0.0
370.0	0.0
370.2	0.0
370.4	0.0
370.6	0.0
370.9	0.0
371.1	0.0
371.3	0.0
371.5	0.0
371.7	0.0
371.9	0.0
372.2	0.0
372.4	0.0
372.6	0.0
372.8	0.0
373.0	0.0
373.2	0.0
373.5	0.0
373.7	0.0
373.9	0.0
374.1	0.0
374.3	0.0
374.5	0.0
374.7	0.0
375.0	0.0
375.2	0.0
375.4	0.0
375.6	0.0
375.8	0.0
376.0	0.0
376.3	0.0
376.5	0.0
376.7	0.0
376.9	0.0
377.1	0.0
377.3	0.0
377.6	0.0
377.8	0.0
378.0	0.0
378.2	0.0
378.4	0.0
378.6	0.0
378.9	0.0
379.1	0.0
379.3	0.0
379.5	0.0
379.7	0.0
379.9	0.0
380.1	0.0
380.4	0.0
380.6	0.0
380.8	0.0
381.0	0.0
381.2	0.0
381.4	0.0
381.7	0.0
381.9	0.0
382.1	0.0
382.3	0.0
382.5	0.0
382.7	0.0
383.0	0.0
383.2	0.0
383.4	0.0
383.6	0.0
383.8	0.0
384.0	0.0
384.3	0.0
384.5	0.0
384.7	0.0
384.9	0.0
385.1	0.0
385.3	0.0
385.6	0.0
385.8	0.0
386.0	0.0
386.2	0.0
386.4	0.0
386.6	0.0
386.9	0.0
387.1	0.0
387.3	0.0
387.5	0.0
387.7	0.0
387.9	0.0
388.2	0.0
388.4	0.0
388.6	0.0
388.8	0.0
389.0	0.0
389.2	0.0
389.5	0.0
389.7	0.0
389.9	0.0
390.1	0.0
390.3	0.0
390.5	0.0
390.8	0.0
391.0	0.0
391.2	0.0
391.4	0.0
391.6	0.0
391.8	0.0
392.1	0.0
392.3	0.0
392.5	0.0
392.7	0.0
392.9	0.0
393.2	0.0
393.4	0.0
393.6	0.0
393.8	0.0
394.0	0.0
394.2	0.0
394.5	0.0
394.7	0.0
394.9	0.0
395.1	0.0
395.3	0.0
395.5	0.0
395.8	0.0
396.0	0.0
396.2	0.0
396.4	0.0
396.6	0.0
396.8	0.0
397.1	0.0
397.3	0.0
397.5	0.0
397.7	0.0
397.9	0.0
398.1	0.0
398.4	0.0
398.6	0.0
398.8	0.0
399.0	0.0
399.2	0.0
399.5	0.0
399.7	0.0
399.9	0.0
400.1	0.0
400.3	0.0
400.5	0.0
400.8	0.0
401.0	0.0
401.2	0.0
401.4	0.0
401.6	0.0
401.8	0.0
402.1	0.0
402.3	0.0
402.5	0.0
402.7	0.0
402.9	0.0
403.2	0.0
403.4	0.0
403.6	0.0
403.8	0.0
404.0	0.0
404.2	0.0
404.5	0.0
404.7	0.0
404.9	0.0
405.1	0.0
405.3	0.0
405.5	0.0
405.8	0.0
406.0	0.0
406.2	0.0
406.4	0.0
406.6	0.0
406.9	0.0
407.1	0.0
407.3	0.0
407.5	0.0
407.7	0.0
407.9	0.0
408.2	0.0
408.4	0.0
408.6	0.0
408.8	0.0
409.0	0.0
409.3	0.0
409.5	0.0
409.7	0.0
409.9	0.0
410.1	0.0
410.3	0.0
410.6	0.0
410.8	0.0
411.0	0.0
411.2	0.0
411.4	0.0
411.7	0.0
411.9	0.0
412.1	0.0
412.3	0.0
412.5	0.0
412.7	0.0
413.0	0.0
413.2	0.0
413.4	0.0
413.6	0.0
413.8	0.0
414.1	0.0
414.3	0.0
414.5	0.0
414.7	0.0
414.9	0.0
415.2	0.0
415.4	0.0
415.6	0.0
415.8	0.0
416.0	0.0
416.2	0.0
416.5	0.0
416.7	0.0
416.9	0.0
417.1	0.0
417.3	0.0
417.6	0.0
417.8	0.0
418.0	0.0
418.2	0.0
418.4	0.0
418.7	0.0
418.9	0.0
419.1	0.0
419.3	0.0
419.5	0.0
419.7	0.0
420.0	0.0
420.2	0.0
420.4	0.0
420.6	0.0
420.8	0.0
421.1	0.0
421.3	0.0
421.5	0.0
421.7	0.0
421.9	0.0
422.2	0.0
422.4	0.0
422.6	0.0
422.8	0.0
423.0	0.0
423.2	0.0
423.5	0.0
423.7	0.0
423.9	0.0
424.1	0.0
424.3	0.0
424.6	0.0
424.8	0.0
425.0	0.0
425.2	0.0
425.4	0.0
425.7	0.0
425.9	0.0
426.1	0.0
426.3	0.0
426.5	0.0
426.8	0.0
427.0	0.0
427.2	0.0
427.4	0.0
427.6	0.0
427.9	0.0
428.1	0.0
428.3	0.0
428.5	0.0
428.7	0.0
428.9	0.0
429.2	0.0
429.4	0.0
429.6	0.0
429.8	0.0
430.0	0.0
430.3	0.0
430.5	0.0
430.7	0.0
430.9	0.0
431.1	0.0
431.4	0.0
431.6	0.0
431.8	0.0
432.0	0.0
432.2	0.0
432.5	0.0
432.7	0.0
432.9	0.0
433.1	0.0
433.3	0.0
433.6	0.0
433.8	0.0
434.0	0.0
434.2	0.0
434.4	0.0
434.7	0.0
434.9	0.0
435.1	0.0
435.3	0.0
435.5	0.0
435.8	0.0
436.0	0.0
436.2	0.0
436.4	0.0
436.6	0.0
436.9	0.0
437.1	0.0
437.3	0.0
437.5	0.0
437.7	0.0
438.0	0.0
438.2	0.0
438.4	0.0
438.6	0.0
438.8	0.0
439.1	0.0
439.3	0.0
439.5	0.0
439.7	0.0
439.9	0.0
440.2	0.0
440.4	0.0
440.6	0.0
440.8	0.0
441.0	0.0
441.3	0.0
441.5	0.0
441.7	0.0
441.9	0.0
442.1	0.0
442.4	0.0
442.6	0.0
442.8	0.0
443.0	0.0
443.2	0.0
443.5	0.0
443.7	0.0
443.9	0.0
444.1	0.0
444.3	0.0
444.6	0.0
444.8	0.0
445.0	0.0
445.2	0.0
445.4	0.0
445.7	0.0
445.9	0.0
446.1	0.0
446.3	0.0
446.5	0.0
446.8	0.0
447.0	0.0
447.2	0.0
447.4	0.0
447.6	0.0
447.9	0.0
448.1	0.0
448.3	0.0
448.5	0.0
448.8	0.0
449.0	0.0
449.2	0.0
449.4	0.0
449.6	0.0
449.9	0.0
450.1	0.0
450.3	0.0
450.5	0.0
450.7	0.0
451.0	0.0
451.2	0.0
451.4	0.0
451.6	0.0
451.8	0.0
452.1	0.0
452.3	0.0
452.5	0.0
452.7	0.0
452.9	0.0
453.2	0.0
453.4	0.0
453.6	0.0
453.8	0.0
454.1	0.0
454.3	0.0
454.5	0.0
454.7	0.0
454.9	0.0
455.2	0.0
455.4	0.0
455.6	0.0
455.8	0.0
456.0	0.0
456.3	0.0
456.5	0.0
456.7	0.0
456.9	0.0
457.1	0.0
457.4	0.0
457.6	0.0
457.8	0.0
458.0	0.0
458.3	0.0
458.5	0.0
458.7	0.0
458.9	0.0
459.1	0.0
459.4	0.0
459.6	0.0
459.8	0.0
460.0	0.0
460.2	0.1
460.5	0.0
460.7	0.1
460.9	0.1
461.1	0.1
461.4	0.1
461.6	0.1
461.8	0.1
462.0	0.1
462.2	0.1
462.5	0.1
462.7	0.1
462.9	0.1
463.1	0.1
463.3	0.1
463.6	0.1
463.8	0.1
464.0	0.1
464.2	0.1
464.5	0.1
464.7	0.1
464.9	0.1
465.1	0.1
465.3	0.1
465.6	0.1
465.8	0.1
466.0	0.1
466.2	0.1
466.4	0.1
466.7	0.1
466.9	0.1
467.1	0.1
467.3	0.1
467.6	0.1
467.8	0.1
468.0	0.1
468.2	0.1
468.4	0.1
468.7	0.2
468.9	0.2
469.1	0.2
469.3	0.2
469.6	0.2
469.8	0.2
470.0	0.2
470.2	0.2
470.4	0.2
470.7	0.2
470.9	0.2
471.1	0.2
471.3	0.2
471.5	0.2
471.8	0.2
472.0	0.2
472.2	0.2
472.4	0.2
472.7	0.2
472.9	0.3
473.1	0.3
473.3	0.3
473.5	0.3
473.8	0.3
474.0	0.3
474.2	0.3
474.4	0.3
474.7	0.3
474.9	0.3
475.1	0.3
475.3	0.3
475.5	0.3
475.8	0.3
476.0	0.4
476.2	0.4
476.4	0.4
476.7	0.4
476.9	0.4
477.1	0.4
477.3	0.4
477.5	0.4
477.8	0.4
478.0	0.4
478.2	0.4
478.4	0.5
478.7	0.5
478.9	0.5
479.1	0.5
479.3	0.5
479.6	0.5
479.8	0.5
480.0	0.5
480.2	0.5
480.4	0.5
480.7	0.5
480.9	0.6
481.1	0.6
481.3	0.6
481.6	0.6
481.8	0.6
482.0	0.6
482.2	0.6
482.4	0.6
482.7	0.6
482.9	0.6
483.1	0.6
483.3	0.6
483.6	0.6
483.8	0.6
484.0	0.6
484.2	0.7
484.4	0.7
484.7	0.7
484.9	0.7
485.1	0.7
485.3	0.7
485.6	0.7
485.8	0.7
486.0	0.7
486.2	0.7
486.5	0.7
486.7	0.7
486.9	0.7
487.1	0.7
487.3	0.7
487.6	0.7
487.8	0.7
488.0	0.8
488.2	0.8
488.5	0.8
488.7	0.8
488.9	0.8
489.1	0.8
489.4	0.8
489.6	0.8
489.8	0.8
490.0	0.8
490.2	0.8
490.5	0.8
490.7	0.8
490.9	0.8
491.1	0.8
491.4	0.8
491.6	0.8
491.8	0.8
492.0	0.9
492.3	0.9
492.5	0.9
492.7	0.9
492.9	0.9
493.1	0.9
493.4	0.9
493.6	0.9
493.8	0.9
494.0	0.9
494.3	0.9
494.5	0.9
494.7	0.9
494.9	0.9
495.2	0.9
495.4	0.9
495.6	0.9
495.8	0.9
496.1	1.0
496.3	1.0
496.5	1.0
496.7	1.0
496.9	1.0
497.2	1.0
497.4	1.0
497.6	0.9
497.8	0.9
498.1	1.0
498.3	1.0
498.5	1.0
498.7	1.0
499.0	1.0
499.2	1.0
499.4	1.0
499.6	1.0
499.9	1.0
500.1	1.0
500.3	1.0
500.5	1.0
500.7	1.0
501.0	1.0
501.2	1.0
501.4	1.0
501.6	1.0
501.9	1.0
502.1	1.0
502.3	1.0
502.5	1.0
502.8	1.0
503.0	1.0
503.2	1.0
503.4	0.9
503.7	0.9
503.9	0.9
504.1	0.9
504.3	0.9
504.6	0.9
504.8	0.9
505.0	0.9
505.2	0.9
505.4	0.9
505.7	0.9
505.9	0.9
506.1	0.9
506.3	0.9
506.6	0.9
506.8	0.9
507.0	0.9
507.2	0.8
507.5	0.8
507.7	0.8
507.9	0.8
508.1	0.8
508.4	0.8
508.6	0.8
508.8	0.8
509.0	0.8
509.3	0.8
509.5	0.8
509.7	0.8
509.9	0.8
510.2	0.7
510.4	0.7
510.6	0.7
510.8	0.7
511.0	0.7
511.3	0.7
511.5	0.7
511.7	0.7
511.9	0.7
512.2	0.6
512.4	0.6
512.6	0.6
512.8	0.6
513.1	0.6
513.3	0.6
513.5	0.6
513.7	0.6
514.0	0.6
514.2	0.6
514.4	0.6
514.6	0.6
514.9	0.5
515.1	0.5
515.3	0.5
515.5	0.5
515.8	0.5
516.0	0.5
516.2	0.5
516.4	0.5
516.7	0.5
516.9	0.5
517.1	0.5
517.3	0.5
517.6	0.5
517.8	0.5
518.0	0.5
518.2	0.4
518.5	0.4
518.7	0.4
518.9	0.4
519.1	0.4
519.4	0.4
519.6	0.4
519.8	0.4
520.0	0.4
520.3	0.4
520.5	0.4
520.7	0.4
520.9	0.4
521.2	0.4
521.4	0.4
521.6	0.4
521.8	0.4
522.1	0.4
522.3	0.4
522.5	0.4
522.7	0.3
523.0	0.3
523.2	0.3
523.4	0.3
523.6	0.3
523.9	0.3
524.1	0.3
524.3	0.3
524.5	0.3
524.8	0.3
525.0	0.3
525.2	0.3
525.4	0.3
525.7	0.3
525.9	0.3
526.1	0.3
526.3	0.3
526.6	0.3
526.8	0.3
527.0	0.3
527.2	0.2
527.5	0.2
527.7	0.2
527.9	0.2
528.1	0.2
528.4	0.2
528.6	0.2
528.8	0.2
529.0	0.2
529.3	0.2
529.5	0.2
529.7	0.2
529.9	0.2
530.2	0.2
530.4	0.2
530.6	0.2
530.8	0.2
531.1	0.2
531.3	0.2
531.5	0.2
531.7	0.2
532.0	0.2
532.2	0.2
532.4	0.2
532.6	0.2
532.9	0.2
533.1	0.2
533.3	0.1
533.5	0.1
533.8	0.1
534.0	0.1
534.2	0.1
534.4	0.1
534.7	0.1
534.9	0.1
535.1	0.1
535.3	0.1
535.6	0.1
535.8	0.1
536.0	0.1
536.2	0.1
536.5	0.1
536.7	0.1
536.9	0.1
537.2	0.1
537.4	0.1
537.6	0.1
537.8	0.1
538.1	0.1
538.3	0.1
538.5	0.1
538.7	0.1
539.0	0.1
539.2	0.1
539.4	0.1
539.6	0.1
539.9	0.1
540.1	0.1
540.3	0.1
540.5	0.1
540.8	0.1
541.0	0.1
541.2	0.1
541.4	0.1
541.7	0.1
541.9	0.1
542.1	0.1
542.3	0.1
542.6	0.1
542.8	0.1
543.0	0.1
543.3	0.1
543.5	0.1
543.7	0.1
543.9	0.1
544.2	0.1
544.4	0.1
544.6	0.1
544.8	0.1
545.1	0.1
545.3	0.1
545.5	0.1
545.7	0.1
546.0	0.1
546.2	0.1
546.4	0.1
546.6	0.1
546.9	0.1
547.1	0.1
547.3	0.1
547.5	0.1
547.8	0.1
548.0	0.1
548.2	0.0
548.5	0.0
548.7	0.0
548.9	0.0
549.1	0.0
549.4	0.0
549.6	0.0
549.8	0.0
550.0	0.0
550.3	0.0
550.5	0.0
550.7	0.0
550.9	0.0
551.2	0.0
551.4	0.0
551.6	0.0
551.9	0.0
552.1	0.0
552.3	0.0
552.5	0.0
552.8	0.0
553.0	0.0
553.2	0.0
553.4	0.0
553.7	0.0
553.9	0.0
554.1	0.0
554.3	0.0
554.6	0.0
554.8	0.0
555.0	0.0
555.2	0.0
555.5	0.0
555.7	0.0
555.9	0.0
556.2	0.0
556.4	0.0
556.6	0.0
556.8	0.0
557.1	0.0
557.3	0.0
557.5	0.0
557.7	0.0
558.0	0.0
558.2	0.0
558.4	0.0
558.7	0.0
558.9	0.0
559.1	0.0
559.3	0.0
559.6	0.0
559.8	0.0
560.0	0.0
560.2	0.0
560.5	0.0
560.7	0.0
560.9	0.0
561.1	0.0
561.4	0.0
561.6	0.0
561.8	0.0
562.1	0.0
562.3	0.0
562.5	0.0
562.7	0.0
563.0	0.0
563.2	0.0
563.4	0.0
563.6	0.0
563.9	0.0
564.1	0.0
564.3	0.0
564.6	0.0
564.8	0.0
565.0	0.0
565.2	0.0
565.5	0.0
565.7	0.0
565.9	0.0
566.1	0.0
566.4	0.0
566.6	0.0
566.8	0.0
567.1	0.0
567.3	0.0
567.5	0.0
567.7	0.0
568.0	0.0
568.2	0.0
568.4	0.0
568.6	0.0
568.9	0.0
569.1	0.0
569.3	0.0
569.6	0.0
569.8	0.0
570.0	0.0
570.2	0.0
570.5	0.0
570.7	0.0
570.9	0.0
571.1	0.0
571.4	0.0
571.6	0.0
571.8	0.0
572.1	0.0
572.3	0.0
572.5	0.0
572.7	0.0
573.0	0.0
573.2	0.0
573.4	0.0
573.7	0.0
573.9	0.0
574.1	0.0
574.3	0.0
574.6	0.0
574.8	0.0
575.0	0.0
575.2	0.0
575.5	0.0
575.7	0.0
575.9	0.0
576.2	0.0
576.4	0.0
576.6	0.0
576.8	0.0
577.1	0.0
577.3	0.0
577.5	0.0
577.8	0.0
578.0	0.0
578.2	0.0
578.4	0.0
578.7	0.0
578.9	0.0
579.1	0.0
579.3	0.0
579.6	0.0
579.8	0.0
580.0	0.0
580.3	0.0
580.5	0.0
580.7	0.0
580.9	0.0
581.2	0.0
581.4	0.0
581.6	0.0
581.9	0.0
582.1	0.0
582.3	0.0
582.5	0.0
582.8	0.0
583.0	0.0
583.2	0.0
583.5	0.0
583.7	0.0
583.9	0.0
584.1	0.0
584.4	0.0
584.6	0.0
584.8	0.0
585.0	0.0
585.3	0.0
585.5	0.0
585.7	0.0
586.0	0.0
586.2	0.0
586.4	0.0
586.6	0.0
586.9	0.0
587.1	0.0
587.3	0.0
587.6	0.0
587.8	0.0
588.0	0.0
588.2	0.0
588.5	0.0
588.7	0.0
588.9	0.0
589.2	0.0
589.4	0.0
589.6	0.0
589.8	0.0
590.1	0.0
590.3	0.0
590.5	0.0
590.8	0.0
591.0	0.0
591.2	0.0
591.4	0.0
591.7	0.0
591.9	0.0
592.1	0.0
592.4	0.0
592.6	0.0
592.8	0.0
593.0	0.0
593.3	0.0
593.5	0.0
593.7	0.0
594.0	0.0
594.2	0.0
594.4	0.0
594.6	0.0
594.9	0.0
595.1	0.0
595.3	0.0
595.6	0.0
595.8	0.0
596.0	0.0
596.2	0.0
596.5	0.0
596.7	0.0
596.9	0.0
597.2	0.0
597.4	0.0
597.6	0.0
597.8	0.0
598.1	0.0
598.3	0.0
598.5	0.0
598.8	0.0
599.0	0.0
599.2	0.0
599.5	0.0
599.7	0.0
599.9	0.0
600.1	0.0
600.4	0.0
600.6	0.0
600.8	0.0
601.1	0.0
601.3	0.0
601.5	0.0
601.7	0.0
602.0	0.0
602.2	0.0
602.4	0.0
602.7	0.0
602.9	0.0
603.1	0.0
603.3	0.0
603.6	0.0
603.8	0.0
604.0	0.0
604.3	0.0
604.5	0.0
604.7	0.0
605.0	0.0
605.2	0.0
605.4	0.0
605.6	0.0
605.9	0.0
606.1	0.0
606.3	0.0
606.6	0.0
606.8	0.0
607.0	0.0
607.2	0.0
607.5	0.0
607.7	0.0
607.9	0.0
608.2	0.0
608.4	0.0
608.6	0.0
608.8	0.0
609.1	0.0
609.3	0.0
609.5	0.0
609.8	0.0
610.0	0.0
610.2	0.0
610.5	0.0
610.7	0.0
610.9	0.0
611.1	0.0
611.4	0.0
611.6	0.0
611.8	0.0
612.1	0.0
612.3	0.0
612.5	0.0
612.8	0.0
613.0	0.0
613.2	0.0
613.4	0.0
613.7	0.0
613.9	0.0
614.1	0.0
614.4	0.0
614.6	0.0
614.8	0.0
615.0	0.0
615.3	0.0
615.5	0.0
615.7	0.0
616.0	0.0
616.2	0.0
616.4	0.0
616.7	0.0
616.9	0.0
617.1	0.0
617.3	0.0
617.6	0.0
617.8	0.0
618.0	0.0
618.3	0.0
618.5	0.0
618.7	0.0
619.0	0.0
619.2	0.0
619.4	0.0
619.6	0.0
619.9	0.0
620.1	0.0
620.3	0.0
620.6	0.0
620.8	0.0
621.0	0.0
621.3	0.0
621.5	0.0
621.7	0.0
621.9	0.0
622.2	0.0
622.4	0.0
622.6	0.0
622.9	0.0
623.1	0.0
623.3	0.0
623.6	0.0
623.8	0.0
624.0	0.0
624.2	0.0
624.5	0.0
624.7	0.0
624.9	0.0
625.2	0.0
625.4	0.0
625.6	0.0
625.9	0.0
626.1	0.0
626.3	0.0
626.5	0.0
626.8	0.0
627.0	0.0
627.2	0.0
627.5	0.0
627.7	0.0
627.9	0.0
628.2	0.0
628.4	0.0
628.6	0.0
628.9	0.0
629.1	0.0
629.3	0.0
629.5	0.0
629.8	0.0
630.0	0.0
630.2	0.0
630.5	0.0
630.7	0.0
630.9	0.0
631.2	0.0
631.4	0.0
631.6	0.0
631.8	0.0
632.1	0.0
632.3	0.0
632.5	0.0
632.8	0.0
633.0	0.0
633.2	0.0
633.5	0.0
633.7	0.0
633.9	0.0
634.2	0.0
634.4	0.0
634.6	0.0
634.8	0.0
635.1	0.0
635.3	0.0
635.5	0.0
635.8	0.0
636.0	0.0
636.2	0.0
636.5	0.0
636.7	0.0
636.9	0.0
637.2	0.0
637.4	0.0
637.6	0.0
637.8	0.0
638.1	0.0
638.3	0.0
638.5	0.0
638.8	0.0
639.0	0.0
639.2	0.0
639.5	0.0
639.7	0.0
639.9	0.0
640.2	0.0
640.4	0.0
640.6	0.0
640.8	0.0
641.1	0.0
641.3	0.0
641.5	0.0
641.8	0.0
642.0	0.0
642.2	0.0
642.5	0.0
642.7	0.0
642.9	0.0
643.2	0.0
643.4	0.0
643.6	0.0
643.9	0.0
644.1	0.0
644.3	0.0
644.5	0.0
644.8	0.0
645.0	0.0
645.2	0.0
645.5	0.0
645.7	0.0
645.9	0.0
646.2	0.0
646.4	0.0
646.6	0.0
646.9	0.0
647.1	0.0
647.3	0.0
647.6	0.0
647.8	0.0
648.0	0.0
648.2	0.0
648.5	0.0
648.7	0.0
648.9	0.0
649.2	0.0
649.4	0.0
649.6	0.0
649.9	0.0
650.1	0.0
650.3	0.0
650.6	0.0
650.8	0.0
651.0	0.0
651.3	0.0
651.5	0.0
651.7	0.0
651.9	0.0
652.2	0.0
652.4	0.0
652.6	0.0
652.9	0.0
653.1	0.0
653.3	0.0
653.6	0.0
653.8	0.0
654.0	0.0
654.3	0.0
654.5	0.0
654.7	0.0
655.0	0.0
655.2	0.0
655.4	0.0
655.7	0.0
655.9	0.0
656.1	0.0
656.3	0.0
656.6	0.0
656.8	0.0
657.0	0.0
657.3	0.0
657.5	0.0
657.7	0.0
658.0	0.0
658.2	0.0
658.4	0.0
658.7	0.0
658.9	0.0
659.1	0.0
659.4	0.0
659.6	0.0
659.8	0.0
660.1	0.0
660.3	0.0
660.5	0.0
660.8	0.0
661.0	0.0
661.2	0.0
661.4	0.0
661.7	0.0
661.9	0.0
662.1	0.0
662.4	0.0
662.6	0.0
662.8	0.0
663.1	0.0
663.3	0.0
663.5	0.0
663.8	0.0
664.0	0.0
664.2	0.0
664.5	0.0
664.7	0.0
664.9	0.0
665.2	0.0
665.4	0.0
665.6	0.0
665.9	0.0
666.1	0.0
666.3	0.0
666.6	0.0
666.8	0.0
667.0	0.0
667.2	0.0
667.5	0.0
667.7	0.0
667.9	0.0
668.2	0.0
668.4	0.0
668.6	0.0
668.9	0.0
669.1	0.0
669.3	0.0
669.6	0.0
669.8	0.0
670.0	0.0
670.3	0.0
670.5	0.0
670.7	0.0
671.0	0.0
671.2	0.0
671.4	0.0
671.7	0.0
671.9	0.0
672.1	0.0
672.4	0.0
672.6	0.0
672.8	0.0
673.1	0.0
673.3	0.0
673.5	0.0
673.8	0.0
674.0	0.0
674.2	0.0
674.5	0.0
674.7	0.0
674.9	0.0
675.1	0.0
675.4	0.0
675.6	0.0
675.8	0.0
676.1	0.0
676.3	0.0
676.5	0.0
676.8	0.0
677.0	0.0
677.2	0.0
677.5	0.0
677.7	0.0
677.9	0.0
678.2	0.0
678.4	0.0
678.6	0.0
678.9	0.0
679.1	0.0
679.3	0.0
679.6	0.0
679.8	0.0
680.0	0.0
680.3	0.0
680.5	0.0
680.7	0.0
681.0	0.0
681.2	0.0
681.4	0.0
681.7	0.0
681.9	0.0
682.1	0.0
682.4	0.0
682.6	0.0
682.8	0.0
683.1	0.0
683.3	0.0
683.5	0.0
683.8	0.0
684.0	0.0
684.2	0.0
684.5	0.0
684.7	0.0
684.9	0.0
685.2	0.0
685.4	0.0
685.6	0.0
685.9	0.0
686.1	0.0
686.3	0.0
686.6	0.0
686.8	0.0
687.0	0.0
687.3	0.0
687.5	0.0
687.7	0.0
688.0	0.0
688.2	0.0
688.4	0.0
688.7	0.0
688.9	0.0
689.1	0.0
689.4	0.0
689.6	0.0
689.8	0.0
690.1	0.0
690.3	0.0
690.5	0.0
690.8	0.0
691.0	0.0
691.2	0.0
691.5	0.0
691.7	0.0
691.9	0.0
692.2	0.0
692.4	0.0
692.6	0.0
692.9	0.0
693.1	0.0
693.3	0.0
693.6	0.0
693.8	0.0
694.0	0.0
694.3	0.0
694.5	0.0
694.7	0.0
695.0	0.0
695.2	0.0
695.4	0.0
695.7	0.0
695.9	0.0
696.1	0.0
696.4	0.0
696.6	0.0
696.8	0.0
697.1	0.0
697.3	0.0
697.5	0.0
697.8	0.0
698.0	0.0
698.2	0.0
698.5	0.0
698.7	0.0
698.9	0.0
699.2	0.0
699.4	0.0
699.6	0.0
699.9	0.0
700.1	0.0
700.3	0.0
700.6	0.0
700.8	0.0
701.0	0.0
701.3	0.0
701.5	0.0
701.7	0.0
702.0	0.0
702.2	0.0
702.4	0.0
702.7	0.0
702.9	0.0
703.1	0.0
703.4	0.0
703.6	0.0
703.8	0.0
704.1	0.0
704.3	0.0
704.5	0.0
704.8	0.0
705.0	0.0
705.2	0.0
705.5	0.0
705.7	0.0
705.9	0.0
706.2	0.0
706.4	0.0
706.6	0.0
706.9	0.0
707.1	0.0
707.3	0.0
707.6	0.0
707.8	0.0
708.0	0.0
708.3	0.0
708.5	0.0
708.7	0.0
709.0	0.0
709.2	0.0
709.4	0.0
709.7	0.0
709.9	0.0
710.1	0.0
710.4	0.0
710.6	0.0
710.8	0.0
711.1	0.0
711.3	0.0
711.5	0.0
711.8	0.0
712.0	0.0
712.2	0.0
712.5	0.0
712.7	0.0
713.0	0.0
713.2	0.0
713.4	0.0
713.7	0.0
713.9	0.0
714.1	0.0
714.4	0.0
714.6	0.0
714.8	0.0
715.1	0.0
715.3	0.0
715.5	0.0
715.8	0.0
716.0	0.0
716.2	0.0
716.5	0.0
716.7	0.0
716.9	0.0
717.2	0.0
717.4	0.0
717.6	0.0
717.9	0.0
718.1	0.0
718.3	0.0
718.6	0.0
718.8	0.0
719.0	0.0
719.3	0.0
719.5	0.0
719.7	0.0
720.0	0.0
720.2	0.0
720.5	0.0
720.7	0.0
720.9	0.0
721.2	0.0
721.4	0.0
721.6	0.0
721.9	0.0
722.1	0.0
722.3	0.0
722.6	0.0
722.8	0.0
723.0	0.0
723.3	0.0
723.5	0.0
723.7	0.0
724.0	0.0
724.2	0.0
724.4	0.0
724.7	0.0
724.9	0.0
725.1	0.0
725.4	0.0
725.6	0.0
725.8	0.0
726.1	0.0
726.3	0.0
726.6	0.0
726.8	0.0
727.0	0.0
727.3	0.0
727.5	0.0
727.7	0.0
728.0	0.0
728.2	0.0
728.4	0.0
728.7	0.0
728.9	0.0
729.1	0.0
729.4	0.0
729.6	0.0
729.8	0.0
730.1	0.0
730.3	0.0
730.5	0.0
730.8	0.0
731.0	0.0
731.2	0.0
731.5	0.0
731.7	0.0
732.0	0.0
732.2	0.0
732.4	0.0
732.7	0.0
732.9	0.0
733.1	0.0
733.4	0.0
733.6	0.0
733.8	0.0
734.1	0.0
734.3	0.0
734.5	0.0
734.8	0.0
735.0	0.0
735.2	0.0
735.5	0.0
735.7	0.0
735.9	0.0
736.2	0.0
736.4	0.0
736.7	0.0
736.9	0.0
737.1	0.0
737.4	0.0
737.6	0.0
737.8	0.0
738.1	0.0
738.3	0.0
738.5	0.0
738.8	0.0
739.0	0.0
739.2	0.0
739.5	0.0
739.7	0.0
739.9	0.0
740.2	0.0
740.4	0.0
740.7	0.0
740.9	0.0
741.1	0.0
741.4	0.0
741.6	0.0
741.8	0.0
742.1	0.0
742.3	0.0
742.5	0.0
742.8	0.0
743.0	0.0
743.2	0.0
743.5	0.0
743.7	0.0
743.9	0.0
744.2	0.0
744.4	0.0
744.7	0.0
744.9	0.0
745.1	0.0
745.4	0.0
745.6	0.0
745.8	0.0
746.1	0.0
746.3	0.0
746.5	0.0
746.8	0.0
747.0	0.0
747.2	0.0
747.5	0.0
747.7	0.0
748.0	0.0
748.2	0.0
748.4	0.0
748.7	0.0
748.9	0.0
749.1	0.0
749.4	0.0
749.6	0.0
749.8	0.0
750.1	0.0
750.3	0.0
750.5	0.0
750.8	0.0
751.0	0.0
751.3	0.0
751.5	0.0
751.7	0.0
752.0	0.0
752.2	0.0
752.4	0.0
752.7	0.0
752.9	0.0
753.1	0.0
753.4	0.0
753.6	0.0
753.8	0.0
754.1	0.0
754.3	0.0
754.6	0.0
754.8	0.0
755.0	0.0
755.3	0.0
755.5	0.0
755.7	0.0
756.0	0.0
756.2	0.0
756.4	0.0
756.7	0.0
756.9	0.0
757.1	0.0
757.4	0.0
757.6	0.0
757.9	0.0
758.1	0.0
758.3	0.0
758.6	0.0
758.8	0.0
759.0	0.0
759.3	0.0
759.5	0.0
759.7	0.0
760.0	0.0
760.2	0.0
760.5	0.0
760.7	0.0
760.9	0.0
761.2	0.0
761.4	0.0
761.6	0.0
761.9	0.0
762.1	0.0
762.3	0.0
762.6	0.0
762.8	0.0
763.0	0.0
763.3	0.0
763.5	0.0
763.8	0.0
764.0	0.0
764.2	0.0
764.5	0.0
764.7	0.0
764.9	0.0
765.2	0.0
765.4	0.0
765.6	0.0
765.9	0.0
766.1	0.0
766.4	0.0
766.6	0.0
766.8	0.0
767.1	0.0
767.3	0.0
767.5	0.0
767.8	0.0
768.0	0.0
768.2	0.0
768.5	0.0
768.7	0.0
769.0	0.0
769.2	0.0
769.4	0.0
769.7	0.0
769.9	0.0
770.1	0.0
770.4	0.0
770.6	0.0
770.8	0.0
771.1	0.0
771.3	0.0
771.6	0.0
771.8	0.0
772.0	0.0
772.3	0.0
772.5	0.0
772.7	0.0
773.0	0.0
773.2	0.0
773.5	0.0
773.7	0.0
773.9	0.0
774.2	0.0
774.4	0.0
774.6	0.0
774.9	0.0
775.1	0.0
775.3	0.0
775.6	0.0
775.8	0.0
776.1	0.0
776.3	0.0
776.5	0.0
776.8	0.0
777.0	0.0
777.2	0.0
777.5	0.0
777.7	0.0
777.9	0.0
778.2	0.0
778.4	0.0
778.7	0.0
778.9	0.0
779.1	0.0
779.4	0.0
779.6	0.0
779.8	0.0
780.1	0.0
780.3	0.0
780.6	0.0
780.8	0.0
781.0	0.0
781.3	0.0
781.5	0.0
781.7	0.0
782.0	0.0
782.2	0.0
782.4	0.0
782.7	0.0
782.9	0.0
783.2	0.0
783.4	0.0
783.6	0.0
783.9	0.0
784.1	0.0
784.3	0.0
784.6	0.0
784.8	0.0
785.1	0.0
785.3	0.0
785.5	0.0
785.8	0.0
786.0	0.0
786.2	0.0
786.5	0.0
786.7	0.0
787.0	0.0
787.2	0.0
787.4	0.0
787.7	0.0
787.9	0.0
788.1	0.0
788.4	0.0
788.6	0.0
788.8	0.0
789.1	0.0
789.3	0.0
789.6	0.0
789.8	0.0
790.0	0.0
790.3	0.0
790.5	0.0
790.7	0.0
791.0	0.0
791.2	0.0
791.5	0.0
791.7	0.0
791.9	0.0
792.2	0.0
792.4	0.0
792.6	0.0
792.9	0.0
793.1	0.0
793.4	0.0
793.6	0.0
793.8	0.0
794.1	0.0
794.3	0.0
794.5	0.0
794.8	0.0
795.0	0.0
795.3	0.0
795.5	0.0
795.7	0.0
796.0	0.0
796.2	0.0
796.4	0.0
796.7	0.0
796.9	0.0
797.2	0.0
797.4	0.0
797.6	0.0
797.9	0.0
798.1	0.0
798.3	0.0
798.6	0.0
798.8	0.0
799.1	0.0
799.3	0.0
799.5	0.0
799.8	0.0
800.0	0.0
800.2	0.0
800.5	0.0
800.7	0.0
801.0	0.0
801.2	0.0
801.4	0.0
801.7	0.0
801.9	0.0
802.1	0.0
802.4	0.0
802.6	0.0
802.9	0.0
803.1	0.0
803.3	0.0
803.6	0.0
803.8	0.0
804.0	0.0
804.3	0.0
804.5	0.0
804.8	0.0
805.0	0.0
805.2	0.0
805.5	0.0
805.7	0.0
805.9	0.0
806.2	0.0
806.4	0.0
806.7	0.0
806.9	0.0
807.1	0.0
807.4	0.0
807.6	0.0
807.9	0.0
808.1	0.0
808.3	0.0
808.6	0.0
808.8	0.0
809.0	0.0
809.3	0.0
809.5	0.0
809.8	0.0
810.0	0.0
810.2	0.0
810.5	0.0
810.7	0.0
810.9	0.0
811.2	0.0
811.4	0.0
811.7	0.0
811.9	0.0
812.1	0.0
812.4	0.0
812.6	0.0
812.8	0.0
813.1	0.0
813.3	0.0
813.6	0.0
813.8	0.0
814.0	0.0
814.3	0.0
814.5	0.0
814.8	0.0
815.0	0.0
815.2	0.0
815.5	0.0
815.7	0.0
815.9	0.0
816.2	0.0
816.4	0.0
816.7	0.0
816.9	0.0
817.1	0.0
817.4	0.0
817.6	0.0
817.8	0.0
818.1	0.0
818.3	0.0
818.6	0.0
818.8	0.0
819.0	0.0
819.3	0.0
819.5	0.0
819.8	0.0
820.0	0.0
820.2	0.0
820.5	0.0
820.7	0.0
820.9	0.0
821.2	0.0
821.4	0.0
821.7	0.0
821.9	0.0
822.1	0.0
822.4	0.0
822.6	0.0
822.9	0.0
823.1	0.0
823.3	0.0
823.6	0.0
823.8	0.0
824.0	0.0
824.3	0.0
824.5	0.0
824.8	0.0
825.0	0.0
825.2	0.0
825.5	0.0
825.7	0.0
826.0	0.0
826.2	0.0
826.4	0.0
826.7	0.0
826.9	0.0
827.1	0.0
827.4	0.0
827.6	0.0
827.9	0.0
828.1	0.0
828.3	0.0
828.6	0.0
828.8	0.0
829.1	0.0
829.3	0.0
829.5	0.0
829.8	0.0
830.0	0.0
830.2	0.0
830.5	0.0
830.7	0.0
831.0	0.0
831.2	0.0
831.4	0.0
831.7	0.0
831.9	0.0
832.2	0.0
832.4	0.0
832.6	0.0
832.9	0.0
833.1	0.0
833.4	0.0
833.6	0.0
833.8	0.0
834.1	0.0
834.3	0.0
834.5	0.0
834.8	0.0
835.0	0.0
835.3	0.0
835.5	0.0
835.7	0.0
836.0	0.0
836.2	0.0
836.5	0.0
836.7	0.0
836.9	0.0
837.2	0.0
837.4	0.0
837.7	0.0
837.9	0.0
838.1	0.0
838.4	0.0
838.6	0.0
838.8	0.0
839.1	0.0
839.3	0.0
839.6	0.0
839.8	0.0
840.0	0.0
840.3	0.0
840.5	0.0
840.8	0.0
841.0	0.0
841.2	0.0
841.5	0.0
841.7	0.0
842.0	0.0
842.2	0.0
842.4	0.0
842.7	0.0
842.9	0.0
843.1	0.0
843.4	0.0
843.6	0.0
843.9	0.0
844.1	0.0
844.3	0.0
844.6	0.0
844.8	0.0
845.1	0.0
845.3	0.0
845.5	0.0
845.8	0.0
846.0	0.0
846.3	0.0
846.5	0.0
846.7	0.0
847.0	0.0
847.2	0.0
847.5	0.0
847.7	0.0
847.9	0.0
848.2	0.0
848.4	0.0
848.7	0.0
848.9	0.0
849.1	0.0
849.4	0.0
849.6	0.0
849.8	0.0
850.1	0.0
850.3	0.0
850.6	0.0
850.8	0.0
851.0	0.0
851.3	0.0
851.5	0.0
851.8	0.0
852.0	0.0
852.2	0.0
852.5	0.0
852.7	0.0
853.0	0.0
853.2	0.0
853.4	0.0
853.7	0.0
853.9	0.0
854.2	0.0
854.4	0.0
854.6	0.0
854.9	0.0
855.1	0.0
855.4	0.0
855.6	0.0
855.8	0.0
856.1	0.0
856.3	0.0
856.6	0.0
856.8	0.0
857.0	0.0
857.3	0.0
857.5	0.0
857.8	0.0
858.0	0.0
858.2	0.0
858.5	0.0
858.7	0.0
858.9	0.0
859.2	0.0
859.4	0.0
859.7	0.0
859.9	0.0
860.1	0.0
860.4	0.0
860.6	0.0
860.9	0.0
861.1	0.0
861.3	0.0
861.6	0.0
861.8	0.0
862.1	0.0
862.3	0.0
862.5	0.0
862.8	0.0
863.0	0.0
863.3	0.0
863.5	0.0
863.7	0.0
864.0	0.0
864.2	0.0
864.5	0.0
864.7	0.0
864.9	0.0
865.2	0.0
865.4	0.0
865.7	0.0
865.9	0.0
866.1	0.0
866.4	0.0
866.6	0.0
866.9	0.0
867.1	0.0
867.3	0.0
867.6	0.0
867.8	0.0
868.1	0.0
868.3	0.0
868.5	0.0
868.8	0.0
869.0	0.0
869.3	0.0
869.5	0.0
869.7	0.0
870.0	0.0
870.2	0.0
870.5	0.0
870.7	0.0
870.9	0.0
871.2	0.0
871.4	0.0
871.7	0.0
871.9	0.0
872.1	0.0
872.4	0.0
872.6	0.0
872.9	0.0
873.1	0.0
873.3	0.0
873.6	0.0
873.8	0.0
874.1	0.0
874.3	0.0
874.5	0.0
874.8	0.0
875.0	0.0
875.3	0.0
875.5	0.0
875.7	0.0
876.0	0.0
876.2	0.0
876.5	0.0
876.7	0.0
876.9	0.0
877.2	0.0
877.4	0.0
877.7	0.0
877.9	0.0
878.1	0.0
878.4	0.0
878.6	0.0
878.9	0.0
879.1	0.0
879.3	0.0
879.6	0.0
879.8	0.0
880.1	0.0
880.3	0.0
880.5	0.0
880.8	0.0
881.0	0.0
881.3	0.0
881.5	0.0
881.8	0.0
882.0	0.0
882.2	0.0
882.5	0.0
882.7	0.0
883.0	0.0
883.2	0.0
883.4	0.0
883.7	0.0
883.9	0.0
884.2	0.0
884.4	0.0
884.6	0.0
884.9	0.0
885.1	0.0
885.4	0.0
885.6	0.0
885.8	0.0
886.1	0.0
886.3	0.0
886.6	0.0
886.8	0.0
887.0	0.0
887.3	0.0
887.5	0.0
887.8	0.0
888.0	0.0
888.2	0.0
888.5	0.0
888.7	0.0
889.0	0.0
889.2	0.0
889.4	0.0
889.7	0.0
889.9	0.0
890.2	0.0
890.4	0.0
890.7	0.0
890.9	0.0
891.1	0.0
891.4	0.0
891.6	0.0
891.9	0.0
892.1	0.0
892.3	0.0
892.6	0.0
892.8	0.0
893.1	0.0
893.3	0.0
893.5	0.0
893.8	0.0
894.0	0.0
894.3	0.0
894.5	0.0
894.7	0.0
895.0	0.0
895.2	0.0
895.5	0.0
895.7	0.0
895.9	0.0
896.2	0.0
896.4	0.0
896.7	0.0
896.9	0.0
897.2	0.0
897.4	0.0
897.6	0.0
897.9	0.0
898.1	0.0
898.4	0.0
898.6	0.0
898.8	0.0
899.1	0.0
899.3	0.0
899.6	0.0
899.8	0.0
900.0	0.0
900.3	0.0
900.5	0.0
900.8	0.0
901.0	0.0
901.2	0.0
901.5	0.0
901.7	0.0
902.0	0.0
902.2	0.0
902.5	0.0
902.7	0.0
902.9	0.0
903.2	0.0
903.4	0.0
903.7	0.0
903.9	0.0
904.1	0.0
904.4	0.0
904.6	0.0
904.9	0.0
905.1	0.0
905.3	0.0
905.6	0.0
905.8	0.0
906.1	0.0
906.3	0.0
906.6	0.0
906.8	0.0
907.0	0.0
907.3	0.0
907.5	0.0
907.8	0.0
908.0	0.0
908.2	0.0
908.5	0.0
908.7	0.0
909.0	0.0
909.2	0.0
909.4	0.0
909.7	0.0
909.9	0.0
910.2	0.0
910.4	0.0
910.7	0.0
910.9	0.0
911.1	0.0
911.4	0.0
911.6	0.0
911.9	0.0
912.1	0.0
912.3	0.0
912.6	0.0
912.8	0.0
913.1	0.0
913.3	0.0
913.5	0.0
913.8	0.0
914.0	0.0
914.3	0.0
914.5	0.0
914.8	0.0
915.0	0.0
915.2	0.0
915.5	0.0
915.7	0.0
916.0	0.0
916.2	0.0
916.4	0.0
916.7	0.0
916.9	0.0
917.2	0.0
917.4	0.0
917.7	0.0
917.9	0.0
918.1	0.0
918.4	0.0
918.6	0.0
918.9	0.0
919.1	0.0
919.3	0.0
919.6	0.0
919.8	0.0
920.1	0.0
920.3	0.0
920.6	0.0
920.8	0.0
921.0	0.0
921.3	0.0
921.5	0.0
921.8	0.0
922.0	0.0
922.2	0.0
922.5	0.0
922.7	0.0
923.0	0.0
923.2	0.0
923.4	0.0
923.7	0.0
923.9	0.0
924.2	0.0
924.4	0.0
924.7	0.0
924.9	0.0
925.1	0.0
925.4	0.0
925.6	0.0
925.9	0.0
926.1	0.0
926.3	0.0
926.6	0.0
926.8	0.0
927.1	0.0
927.3	0.0
927.6	0.0
927.8	0.0
928.0	0.0
928.3	0.0
928.5	0.0
928.8	0.0
929.0	0.0
929.3	0.0
929.5	0.0
929.7	0.0
930.0	0.0
930.2	0.0
930.5	0.0
930.7	0.0
930.9	0.0
931.2	0.0
931.4	0.0
931.7	0.0
931.9	0.0
932.2	0.0
932.4	0.0
932.6	0.0
932.9	0.0
933.1	0.0
933.4	0.0
933.6	0.0
933.8	0.0
934.1	0.0
934.3	0.0
934.6	0.0
934.8	0.0
935.1	0.0
935.3	0.0
935.5	0.0
935.8	0.0
936.0	0.0
936.3	0.0
936.5	0.0
936.8	0.0
937.0	0.0
937.2	0.0
937.5	0.0
937.7	0.0
938.0	0.0
938.2	0.0
938.4	0.0
938.7	0.0
938.9	0.0
939.2	0.0
939.4	0.0
939.7	0.0
939.9	0.0
940.1	0.0
940.4	0.0
940.6	0.0
940.9	0.0
941.1	0.0
941.4	0.0
941.6	0.0
941.8	0.0
942.1	0.0
942.3	0.0
942.6	0.0
942.8	0.0
943.0	0.0
943.3	0.0
943.5	0.0
943.8	0.0
944.0	0.0
944.3	0.0
944.5	0.0
944.7	0.0
945.0	0.0
945.2	0.0
945.5	0.0
945.7	0.0
946.0	0.0
946.2	0.0
946.4	0.0
946.7	0.0
946.9	0.0
947.2	0.0
947.4	0.0
947.7	0.0
947.9	0.0
948.1	0.0
948.4	0.0
948.6	0.0
948.9	0.0
949.1	0.0
949.3	0.0
949.6	0.0
949.8	0.0
950.1	0.0
950.3	0.0
950.6	0.0
950.8	0.0
951.0	0.0
951.3	0.0
951.5	0.0
951.8	0.0
952.0	0.0
952.3	0.0
952.5	0.0
952.7	0.0
953.0	0.0
953.2	0.0
953.5	0.0
953.7	0.0
954.0	0.0
954.2	0.0
954.4	0.0
954.7	0.0
954.9	0.0
955.2	0.0
955.4	0.0
955.7	0.0
955.9	0.0
956.1	0.0
956.4	0.0
956.6	0.0
956.9	0.0
957.1	0.0
957.4	0.0
957.6	0.0
957.8	0.0
958.1	0.0
958.3	0.0
958.6	0.0
958.8	0.0
959.0	0.0
959.3	0.0
959.5	0.0
959.8	0.0
960.0	0.0
960.3	0.0
960.5	0.0
960.7	0.0
961.0	0.0
961.2	0.0
961.5	0.0
961.7	0.0
962.0	0.0
962.2	0.0
962.4	0.0
962.7	0.0
962.9	0.0
963.2	0.0
963.4	0.0
963.7	0.0
963.9	0.0
964.1	0.0
964.4	0.0
964.6	0.0
964.9	0.0
965.1	0.0
965.4	0.0
965.6	0.0
965.8	0.0
966.1	0.0
966.3	0.0
966.6	0.0
966.8	0.0
967.1	0.0
967.3	0.0
967.5	0.0
967.8	0.0
968.0	0.0
968.3	0.0
968.5	0.0
968.8	0.0
969.0	0.0
969.2	0.0
969.5	0.0
969.7	0.0
970.0	0.0
970.2	0.0
970.5	0.0
970.7	0.0
970.9	0.0
971.2	0.0
971.4	0.0
971.7	0.0
971.9	0.0
972.2	0.0
972.4	0.0
972.6	0.0
972.9	0.0
973.1	0.0
973.4	0.0
973.6	0.0
973.9	0.0
974.1	0.0
974.3	0.0
974.6	0.0
974.8	0.0
975.1	0.0
975.3	0.0
975.6	0.0
975.8	0.0
976.1	0.0
976.3	0.0
976.5	0.0
976.8	0.0
977.0	0.0
977.3	0.0
977.5	0.0
977.8	0.0
978.0	0.0
978.2	0.0
978.5	0.0
978.7	0.0
979.0	0.0
979.2	0.0
979.5	0.0
979.7	0.0
979.9	0.0
980.2	0.0
980.4	0.0
980.7	0.0
980.9	0.0
981.2	0.0
981.4	0.0
981.6	0.0
981.9	0.0
982.1	0.0
982.4	0.0
982.6	0.0
982.9	0.0
983.1	0.0
983.3	0.0
983.6	0.0
983.8	0.0
984.1	0.0
984.3	0.0
984.6	0.0
984.8	0.0
985.1	0.0
985.3	0.0
985.5	0.0
985.8	0.0
986.0	0.0
986.3	0.0
986.5	0.0
986.8	0.0
987.0	0.0
987.2	0.0
987.5	0.0
987.7	0.0
988.0	0.0
988.2	0.0
988.5	0.0
988.7	0.0
988.9	0.0
989.2	0.0
989.4	0.0
989.7	0.0
989.9	0.0
990.2	0.0
990.4	0.0
990.7	0.0
990.9	0.0
991.1	0.0
991.4	0.0
991.6	0.0
991.9	0.0
992.1	0.0
992.4	0.0
992.6	0.0
992.8	0.0
993.1	0.0
993.3	0.0
993.6	0.0
993.8	0.0
994.1	0.0
994.3	0.0
994.5	0.0
994.8	0.0
995.0	0.0
995.3	0.0
995.5	0.0
995.8	0.0
996.0	0.0
996.3	0.0
996.5	0.0
996.7	0.0
997.0	0.0
997.2	0.0
997.5	0.0
997.7	0.0
998.0	0.0
998.2	0.0
998.4	0.0
998.7	0.0
998.9	0.0
999.2	0.0
999.4	0.0
999.7	0.0
999.9	0.0
1000.2	0.0
1000.4	0.0
1000.6	0.0
1000.9	0.0
1001.1	0.0
1001.4	0.0
1001.6	0.0
1001.9	0.0
1002.1	0.0
1002.3	0.0
1002.6	0.0
1002.8	0.0
1003.1	0.0
1003.3	0.0
1003.6	0.0
1003.8	0.0
1004.1	0.0
1004.3	0.0
1004.5	0.0
1004.8	0.0
1005.0	0.0
1005.3	0.0
1005.5	0.0
1005.8	0.0
1006.0	0.0
1006.2	0.0
1006.5	0.0
1006.7	0.0
1007.0	0.0
1007.2	0.0
1007.5	0.0
1007.7	0.0
1008.0	0.0
1008.2	0.0
1008.4	0.0
1008.7	0.0
1008.9	0.0
1009.2	0.0
1009.4	0.0
1009.7	0.0
1009.9	0.0
1010.2	0.0
1010.4	0.0
1010.6	0.0
1010.9	0.0
1011.1	0.0
1011.4	0.0
1011.6	0.0
1011.9	0.0
1012.1	0.0
1012.3	0.0
1012.6	0.0
1012.8	0.0
1013.1	0.0
1013.3	0.0
1013.6	0.0
1013.8	0.0
1014.1	0.0
1014.3	0.0
1014.5	0.0
1014.8	0.0
1015.0	0.0
1015.3	0.0
1015.5	0.0
1015.8	0.0
1016.0	0.0
1016.3	0.0
1016.5	0.0
1016.7	0.0
1017.0	0.0
1017.2	0.0
1017.5	0.0
1017.7	0.0
1018.0	0.0
1018.2	0.0
1018.5	0.0
1018.7	0.0
1018.9	0.0
1019.2	0.0
1019.4	0.0
1019.7	0.0
1019.9	0.0
1020.2	0.0
1020.4	0.0
1020.6	0.0
1020.9	0.0
1021.1	0.0
1021.4	0.0
1021.6	0.0
1021.9	0.0
1022.1	0.0
1022.4	0.0
1022.6	0.0
1022.8	0.0
1023.1	0.0
1023.3	0.0
1023.6	0.0
1023.8	0.0
1024.1	0.0
1024.3	0.0
1024.6	0.0
1024.8	0.0
1025.0	0.0
1025.3	0.0
1025.5	0.0
1025.8	0.0
1026.0	0.0
1026.3	0.0
1026.5	0.0
1026.8	0.0
1027.0	0.0
1027.2	0.0
1027.5	0.0
1027.7	0.0
1028.0	0.0
