Wavelength (nm)	Normalized Intensity
319.061235	0.0
319.1755887	0.0
319.2899387	0.0
319.4042849	0.0
319.5186274	0.0
319.6329662	0.0
319.7473013	0.0
319.8616326	0.0
319.9759602	0.0
320.0902841	0.0
320.2046043	0.0
320.3189208	0.0
320.4332336	0.0
320.5475426	0.0
320.661848	0.0
320.7761498	0.0
320.8904478	0.0
321.0047421	0.0
321.1190328	0.0
321.2333198	0.0
321.3476032	0.0
321.4618829	0.0
321.5761589	0.0
321.6904313	0.0
321.8047	0.0
321.9189651	0.0
322.0332266	0.0
322.1474844	0.0
322.2617386	0.0
322.3759891	0.0
322.4902361	0.0
322.6044794	0.0
322.7187191	0.0
322.8329552	0.0
322.9471878	0.0
323.0614167	0.0
323.175642	0.0
323.2898637	0.0
323.4040819	0.0
323.5182964	0.0
323.6325074	0.0
323.7467149	0.0
323.8609187	0.0
323.975119	0.0
324.0893157	0.0
324.2035089	0.0
324.3176985	0.0
324.4318846	0.0
324.5460672	0.0
324.6602462	0.0
324.7744217	0.0
324.8885936	0.0
325.002762	0.0
325.116927	0.0
325.2310883	0.0
325.3452462	0.0
325.4594006	0.0
325.5735515	0.0
325.6876989	0.0
325.8018428	0.0
325.9159832	0.0
326.0301201	0.0
326.1442536	0.0
326.2583835	0.0
326.37251	0.0
326.4866331	0.0
326.6007526	0.0
326.7148688	0.0
326.8289814	0.0
326.9430907	0.0
327.0571964	0.0
327.1712988	0.0
327.2853977	0.0
327.3994932	0.0
327.5135852	0.0
327.6276738	0.0
327.7417591	0.0
327.8558409	0.0
327.9699193	0.0
328.0839943	0.0
328.1980658	0.0
328.312134	0.0
328.4261989	0.0
328.5402603	0.0
328.6543183	0.0
328.768373	0.0
328.8824243	0.0
328.9964722	0.0
329.1105168	0.0
329.224558	0.0
329.3385958	0.0
329.4526303	0.0
329.5666615	0.0
329.6806893	0.0
329.7947138	0.0
329.9087349	0.0
330.0227527	0.0
330.1367672	0.0
330.2507784	0.0
330.3647863	0.0
330.4787908	0.0
330.5927921	0.0
330.70679	0.0
330.8207847	0.0
330.934776	0.0
331.0487641	0.0
331.1627489	0.0
331.2767304	0.0
331.3907086	0.0
331.5046835	0.0
331.6186552	0.0
331.7326237	0.0
331.8465888	0.0
331.9605508	0.0
332.0745094	0.0
332.1884649	0.0
332.3024171	0.0
332.416366	0.0
332.5303117	0.0
332.6442542	0.0
332.7581935	0.0
332.8721296	0.0
332.9860624	0.0
333.0999921	0.0
333.2139185	0.0
333.3278417	0.0
333.4417618	0.0
333.5556786	0.0
333.6695923	0.0
333.7835028	0.0
333.8974101	0.0
334.0113142	0.0
334.1252152	0.0
334.239113	0.0
334.3530076	0.0
334.4668991	0.0
334.5807874	0.0
334.6946726	0.0
334.8085547	0.0
334.9224336	0.0
335.0363093	0.0
335.150182	0.0
335.2640515	0.0
335.3779179	0.0
335.4917812	0.0
335.6056414	0.0
335.7194985	0.0
335.8333524	0.0
335.9472033	0.0
336.0610511	0.0
336.1748958	0.0
336.2887374	0.0
336.4025759	0.0
336.5164113	0.0
336.6302437	0.0
336.744073	0.0
336.8578993	0.0
336.9717225	0.0
337.0855426	0.0
337.1993597	0.0
337.3131737	0.0
337.4269847	0.0
337.5407927	0.0
337.6545976	0.0
337.7683995	0.0
337.8821984	0.0
337.9959943	0.0
338.1097871	0.0
338.223577	0.0
338.3373638	0.0
338.4511477	0.0
338.5649285	0.0
338.6787064	0.0
338.7924812	0.0
338.9062531	0.0
339.020022	0.0
339.133788	0.0
339.2475509	0.0
339.3613109	0.0
339.475068	0.0
339.5888221	0.0
339.7025732	0.0
339.8163214	0.0
339.9300666	0.0
340.0438089	0.0
340.1575483	0.0
340.2712847	0.0
340.3850182	0.0
340.4987488	0.0
340.6124765	0.0
340.7262013	0.0
340.8399231	0.0
340.9536421	0.0
341.0673581	0.0
341.1810713	0.0
341.2947816	0.0
341.408489	0.0
341.5221935	0.0
341.6358951	0.0
341.7495939	0.0
341.8632897	0.0
341.9769828	0.0
342.0906729	0.0
342.2043603	0.0
342.3180447	0.0
342.4317263	0.0
342.5454051	0.0
342.6590811	0.0
342.7727542	0.0
342.8864245	0.0
343.0000919	0.0
343.1137566	0.0
343.2274184	0.0
343.3410774	0.0
343.4547336	0.0
343.568387	0.0
343.6820376	0.0
343.7956855	0.0
343.9093305	0.0
344.0229727	0.0
344.1366122	0.0
344.2502489	0.0
344.3638828	0.0
344.477514	0.0
344.5911424	0.0
344.704768	0.0
344.8183909	0.0
344.9320111	0.0
345.0456285	0.0
345.1592431	0.0
345.272855	0.0
345.3864642	0.0
345.5000707	0.0
345.6136745	0.0
345.7272755	0.0
345.8408738	0.0
345.9544694	0.0
346.0680623	0.0
346.1816525	0.0
346.29524	0.0
346.4088249	0.0
346.522407	0.0
346.6359864	0.0
346.7495632	0.0
346.8631373	0.0
346.9767088	0.0
347.0902775	0.0
347.2038436	0.0
347.3174071	0.0
347.4309679	0.0
347.5445261	0.0
347.6580816	0.0
347.7716345	0.0
347.8851847	0.0
347.9987323	0.0
348.1122773	0.0
348.2258197	0.0
348.3393595	0.0
348.4528966	0.0
348.5664312	0.0
348.6799631	0.0
348.7934924	0.0
348.9070192	0.0
349.0205434	0.0
349.1340649	0.0
349.2475839	0.0
349.3611004	0.0
349.4746142	0.0
349.5881255	0.0
349.7016342	0.0
349.8151404	0.0
349.928644	0.0
350.0421451	0.0
350.1556436	0.0
350.2691396	0.0
350.382633	0.0
350.4961239	0.0
350.6096123	0.0
350.7230982	0.0
350.8365815	0.0
350.9500623	0.0
351.0635407	0.0
351.1770165	0.0
351.2904898	0.0
351.4039606	0.0
351.517429	0.0
351.6308948	0.0
351.7443582	0.0
351.8578191	0.0
351.9712775	0.0
352.0847334	0.0
352.1981869	0.0
352.3116379	0.0
352.4250865	0.0
352.5385326	0.0
352.6519762	0.0
352.7654175	0.0
352.8788562	0.0
352.9922926	0.0
353.1057265	0.0
353.219158	0.0
353.3325871	0.0
353.4460137	0.0
353.559438	0.0
353.6728598	0.0
353.7862793	0.0
353.8996963	0.0
354.0131109	0.0
354.1265232	0.0
354.2399331	0.0
354.3533406	0.0
354.4667457	0.0
354.5801484	0.0
354.6935488	0.0
354.8069468	0.0
354.9203424	0.0
355.0337357	0.0
355.1471267	0.0
355.2605153	0.0
355.3739016	0.0
355.4872855	0.0
355.6006671	0.0
355.7140464	0.0
355.8274233	0.0
355.9407979	0.0
356.0541702	0.0
356.1675402	0.0
356.2809079	0.0
356.3942733	0.0
356.5076364	0.0
356.6209972	0.0
356.7343557	0.0
356.847712	0.0
356.9610659	0.0
357.0744176	0.0
357.187767	0.0
357.3011142	0.0
357.4144591	0.0
357.5278017	0.0
357.6411421	0.0
357.7544802	0.0
357.8678161	0.0
357.9811497	0.0
358.0944811	0.0
358.2078103	0.0
358.3211373	0.0
358.434462	0.0
358.5477845	0.0
358.6611048	0.0
358.7744229	0.0
358.8877388	0.0
359.0010525	0.0
359.114364	0.0
359.2276733	0.0
359.3409805	0.0
359.4542854	0.0
359.5675882	0.0
359.6808888	0.0
359.7941872	0.0
359.9074835	0.0
360.0207776	0.0
360.1340695	0.0
360.2473593	0.0
360.360647	0.0
360.4739325	0.0
360.5872158	0.0
360.7004971	0.0
360.8137762	0.0
360.9270532	0.0
361.040328	0.0
361.1536008	0.0
361.2668714	0.0
361.38014	0.0
361.4934064	0.0
361.6066708	0.0
361.719933	0.0
361.8331931	0.0
361.9464512	0.0
362.0597072	0.0
362.1729611	0.0
362.286213	0.0
362.3994628	0.0
362.5127105	0.0
362.6259561	0.0
362.7391997	0.0
362.8524413	0.0
362.9656808	0.0
363.0789183	0.0
363.1921537	0.0
363.3053871	0.0
363.4186185	0.0
363.5318479	0.0
363.6450752	0.0
363.7583005	0.0
363.8715239	0.0
363.9847452	0.0
364.0979645	0.0
364.2111818	0.0
364.3243971	0.0
364.4376105	0.0
364.5508219	0.0
364.6640312	0.0
364.7772386	0.0
364.8904441	0.0
365.0036476	0.0
365.1168491	0.0
365.2300486	0.0
365.3432462	0.0
365.4564419	0.0
365.5696356	0.0
365.6828274	0.0
365.7960173	0.0
365.9092052	0.0
366.0223912	0.0
366.1355752	0.0
366.2487574	0.0
366.3619376	0.0
366.475116	0.0
366.5882924	0.0
366.701467	0.0
366.8146396	0.0
366.9278104	0.0
367.0409792	0.0
367.1541462	0.0
367.2673113	0.0
367.3804746	0.0
367.4936359	0.0
367.6067955	0.0
367.7199531	0.0
367.8331089	0.0
367.9462629	0.0
368.059415	0.0
368.1725652	0.0
368.2857137	0.0
368.3988603	0.0
368.512005	0.0
368.625148	0.0
368.7382891	0.0
368.8514284	0.0
368.9645659	0.0
369.0777016	0.0
369.1908355	0.0
369.3039676	0.0
369.4170979	0.0
369.5302265	0.0
369.6433532	0.0
369.7564782	0.0
369.8696014	0.0
369.9827228	0.0
370.0958424	0.0
370.2089603	0.0
370.3220765	0.0
370.4351908	0.0
370.5483035	0.0
370.6614144	0.0
370.7745235	0.0
370.8876309	0.0
371.0007366	0.0
371.1138406	0.0
371.2269428	0.0
371.3400434	0.0
371.4531422	0.0
371.5662393	0.0
371.6793347	0.0
371.7924284	0.0
371.9055204	0.0
372.0186107	0.0
372.1316993	0.0
372.2447863	0.0
372.3578716	0.0
372.4709552	0.0
372.5840371	0.0
372.6971174	0.0
372.810196	0.0
372.9232729	0.0
373.0363482	0.0
373.1494219	0.0
373.2624939	0.0
373.3755643	0.0
373.4886331	0.0
373.6017002	0.0
373.7147657	0.0
373.8278296	0.0
373.9408918	0.0
374.0539525	0.0
374.1670115	0.0
374.280069	0.0
374.3931248	0.0
374.5061791	0.0
374.6192317	0.0
374.7322828	0.0
374.8453323	0.0
374.9583803	0.0
375.0714266	0.0
375.1844714	0.0
375.2975146	0.0
375.4105563	0.0
375.5235964	0.0
375.636635	0.0
375.749672	0.0
375.8627075	0.0
375.9757415	0.0
376.0887739	0.0
376.2018048	0.0
376.3148342	0.0
376.427862	0.0
376.5408884	0.0
376.6539132	0.0
376.7669365	0.0
376.8799584	0.0
376.9929787	0.0
377.1059975	0.0
377.2190149	0.0
377.3320308	0.0
377.4450452	0.0
377.5580581	0.0
377.6710696	0.0
377.7840796	0.0
377.8970881	0.0
378.0100952	0.0
378.1231008	0.0
378.236105	0.0
378.3491077	0.0
378.462109	0.0
378.5751089	0.0
378.6881073	0.0
378.8011043	0.0
378.9140999	0.0
379.0270941	0.0
379.1400868	0.0
379.2530782	0.0
379.3660682	0.0
379.4790567	0.0
379.5920439	0.0
379.7050297	0.0
379.818014	0.0
379.9309971	0.0
380.0439787	0.0
380.156959	0.0
380.2699378	0.0
380.3829154	0.0
380.4958916	0.0
380.6088664	0.0
380.7218398	0.0
380.834812	0.0
380.9477828	0.0
381.0607522	0.0
381.1737203	0.0
381.2866871	0.0
381.3996526	0.0
381.5126167	0.0
381.6255796	0.0
381.7385411	0.0
381.8515013	0.0
381.9644603	0.0
382.0774179	0.0
382.1903742	0.0
382.3033293	0.0
382.416283	0.0
382.5292355	0.0
382.6421867	0.0
382.7551367	0.0
382.8680853	0.0
382.9810328	0.0
383.0939789	0.0
383.2069238	0.0
383.3198675	0.0
383.4328099	0.0
383.5457511	0.0
383.658691	0.0
383.7716297	0.0
383.8845672	0.0
383.9975035	0.0
384.1104385	0.0
384.2233724	0.0
384.336305	0.0
384.4492364	0.0
384.5621667	0.0
384.6750957	0.0
384.7880235	0.0
384.9009502	0.0
385.0138757	0.0
385.1268	0.0
385.2397231	0.0
385.3526451	0.0
385.4655659	0.0
385.5784855	0.0
385.691404	0.0
385.8043213	0.0
385.9172375	0.0
386.0301526	0.0
386.1430665	0.0
386.2559793	0.0
386.3688909	0.0
386.4818014	0.0
386.5947109	0.0
386.7076191	0.0
386.8205263	0.0
386.9334324	0.0
387.0463374	0.0
387.1592413	0.0
387.272144	0.0
387.3850457	0.0
387.4979464	0.0
387.6108459	0.0
387.7237444	0.0
387.8366417	0.0
387.9495381	0.0
388.0624333	0.0
388.1753275	0.0
388.2882207	0.0
388.4011128	0.0
388.5140039	0.0
388.6268939	0.0
388.7397829	0.0
388.8526708	0.0
388.9655577	0.0
389.0784437	0.0
389.1913285	0.0
389.3042124	0.0
389.4170953	0.0
389.5299772	0.0
389.642858	0.0
389.7557379	0.0
389.8686168	0.0
389.9814947	0.0
390.0943716	0.0
390.2072475	0.0
390.3201225	0.0
390.4329965	0.0
390.5458695	0.0
390.6587415	0.0
390.7716127	0.0
390.8844828	0.0
390.997352	0.0
391.1102203	0.0
391.2230876	0.0
391.335954	0.0
391.4488195	0.0
391.5616841	0.0
391.6745477	0.0
391.7874104	0.0
391.9002722	0.0
392.0131331	0.0
392.1259931	0.0
392.2388522	0.0
392.3517104	0.0
392.4645677	0.0
392.5774241	0.0
392.6902797	0.0
392.8031344	0.0
392.9159882	0.0
393.0288411	0.0
393.1416932	0.0
393.2545444	0.0
393.3673947	0.0
393.4802443	0.0
393.5930929	0.0
393.7059407	0.0
393.8187877	0.0
393.9316339	0.0
394.0444792	0.0
394.1573237	0.0
394.2701674	0.0
394.3830103	0.0
394.4958524	0.0
394.6086936	0.0
394.7215341	0.0
394.8343738	0.0
394.9472126	0.0
395.0600507	0.0
395.172888	0.0
395.2857246	0.0
395.3985603	0.0
395.5113953	0.0
395.6242295	0.0
395.737063	0.0
395.8498957	0.0
395.9627276	0.0
396.0755588	0.0
396.1883893	0.0
396.301219	0.0
396.414048	0.0
396.5268763	0.0
396.6397038	0.0
396.7525306	0.0
396.8653567	0.0
396.9781821	0.0
397.0910068	0.0
397.2038307	0.0
397.316654	0.0
397.4294766	0.0
397.5422985	0.0
397.6551197	0.0
397.7679402	0.0
397.8807601	0.0
397.9935792	0.0
398.1063977	0.0
398.2192156	0.0
398.3320328	0.0
398.4448493	0.0
398.5576652	0.0
398.6704804	0.0
398.783295	0.0
398.896109	0.0
399.0089223	0.0
399.121735	0.0
399.2345471	0.0
399.3473585	0.0
399.4601694	0.0
399.5729796	0.0
399.6857892	0.0
399.7985983	0.0
399.9114067	0.0
400.0242145	0.0
400.1370218	0.0
400.2498284	0.0
400.3626345	0.0
400.47544	0.0
400.588245	0.0
400.7010493	0.0
400.8138532	0.0
400.9266564	0.0
401.0394591	0.0
401.1522613	0.0
401.2650629	0.0
401.377864	0.0
401.4906645	0.0
401.6034645	0.0
401.716264	0.0
401.8290629	0.0
401.9418614	0.0
402.0546593	0.0
402.1674567	0.0
402.2802536	0.0
402.3930501	0.0
402.505846	0.0
402.6186414	0.0
402.7314364	0.0
402.8442308	0.0
402.9570248	0.0
403.0698183	0.0
403.1826114	0.0
403.295404	0.0
403.4081961	0.0
403.5209877	0.0
403.633779	0.0
403.7465697	0.0
403.8593601	0.0
403.9721499	0.0
404.0849394	0.0
404.1977284	0.0
404.310517	0.0
404.4233052	0.0
404.536093	0.0
404.6488803	0.0
404.7616673	0.0
404.8744538	0.0
404.98724	0.0
405.1000258	0.0
405.2128111	0.0
405.3255961	0.0
405.4383807	0.0
405.5511649	0.0
405.6639488	0.0
405.7767323	0.0
405.8895154	0.0
406.0022982	0.0
406.1150806	0.0
406.2278627	0.0
406.3406444	0.0
406.4534258	0.0
406.5662068	0.0
406.6789876	0.0
406.791768	0.0
406.904548	0.0
407.0173278	0.0
407.1301072	0.0
407.2428863	0.0
407.3556652	0.0
407.4684437	0.0
407.5812219	0.0
407.6939998	0.0
407.8067775	0.0
407.9195549	0.0
408.032332	0.0
408.1451088	0.0
408.2578853	0.0
408.3706616	0.0
408.4834376	0.0
408.5962134	0.0
408.7089889	0.0
408.8217642	0.0
408.9345392	0.0
409.047314	0.0
409.1600885	0.0
409.2728628	0.0
409.3856369	0.0
409.4984108	0.0
409.6111845	0.0
409.7239579	0.0
409.8367311	0.0
409.9495042	0.0
410.062277	0.0
410.1750497	0.0
410.2878221	0.0
410.4005944	0.0
410.5133665	0.0
410.6261384	0.0
410.7389101	0.0
410.8516817	0.0
410.9644531	0.0
411.0772244	0.0
411.1899955	0.0
411.3027664	0.0
411.4155372	0.0
411.5283079	0.0
411.6410784	0.0
411.7538488	0.0
411.8666191	0.0
411.9793892	0.0
412.0921592	0.0
412.2049291	0.0
412.3176989	0.0
412.4304686	0.0
412.5432382	0.0
412.6560077	0.0
412.7687771	0.0
412.8815464	0.0
412.9943157	0.0
413.1070848	0.0
413.2198539	0.0
413.3326229	0.0
413.4453918	0.0
413.5581607	0.0
413.6709296	0.0
413.7836983	0.0
413.8964671	0.0
414.0092357	0.0
414.1220044	0.0
414.234773	0.0
414.3475416	0.0
414.4603101	0.0
414.5730786	0.0
414.6858472	0.0
414.7986157	0.0
414.9113841	0.0
415.0241526	0.0
415.1369211	0.0
415.2496896	0.0
415.3624581	0.0
415.4752266	0.0
415.5879952	0.0
415.7007637	0.0
415.8135323	0.0
415.9263009	0.0
416.0390696	0.0
416.1518383	0.0
416.264607	0.0
416.3773758	0.0
416.4901447	0.0
416.6029136	0.0
416.7156825	0.0
416.8284515	0.0
416.9412206	0.0
417.0539898	0.0
417.1667591	0.0
417.2795284	0.0
417.3922979	0.0
417.5050674	0.0
417.617837	0.0
417.7306067	0.0
417.8433766	0.0
417.9561465	0.0
418.0689166	0.0
418.1816868	0.0
418.2944571	0.0
418.4072275	0.0
418.5199981	0.0
418.6327688	0.0
418.7455396	0.0
418.8583106	0.0
418.9710818	0.0
419.0838531	0.0
419.1966245	0.0
419.3093962	0.0
419.4221679	0.0
419.5349399	0.0
419.6477121	0.0
419.7604844	0.0
419.8732569	0.0
419.9860296	0.0
420.0988025	0.0
420.2115756	0.0
420.3243489	0.0
420.4371224	0.0
420.5498962	0.0
420.6626701	0.0
420.7754443	0.0
420.8882187	0.0
421.0009933	0.0
421.1137682	0.0
421.2265433	0.0
421.3393186	0.0
421.4520942	0.0
421.56487	0.0
421.6776461	0.0
421.7904225	0.0
421.9031991	0.0
422.015976	0.0
422.1287532	0.0
422.2415307	0.0
422.3543084	0.0
422.4670865	0.0
422.5798648	0.0
422.6926434	0.0
422.8054223	0.0
422.9182015	0.0
423.0309811	0.0
423.1437609	0.0
423.2565411	0.0
423.3693216	0.0
423.4821024	0.0
423.5948836	0.0
423.7076651	0.0
423.8204469	0.0
423.9332291	0.0
424.0460116	0.0
424.1587945	0.0
424.2715778	0.0
424.3843614	0.0
424.4971453	0.0
424.6099297	0.0
424.7227144	0.0
424.8354995	0.0
424.948285	0.0
425.0610709	0.0
425.1738572	0.0
425.2866439	0.0
425.399431	0.0
425.5122184	0.0
425.6250063	0.0
425.7377947	0.0
425.8505834	0.0
425.9633726	0.0
426.0761622	0.0
426.1889522	0.0
426.3017427	0.0
426.4145336	0.0
426.5273249	0.0
426.6401167	0.0
426.752909	0.0
426.8657017	0.0
426.9784949	0.0
427.0912886	0.0
427.2040827	0.0
427.3168774	0.0
427.4296725	0.0
427.5424681	0.0
427.6552641	0.0
427.7680607	0.0
427.8808578	0.0
427.9936554	0.0
428.1064535	0.0
428.2192521	0.0
428.3320512	0.0
428.4448509	0.0
428.557651	0.0
428.6704517	0.0
428.783253	0.0
428.8960548	0.0
429.0088571	0.0
429.12166	0.0
429.2344634	0.0
429.3472674	0.0
429.460072	0.0
429.5728771	0.0
429.6856828	0.0
429.7984891	0.0
429.9112959	0.0
430.0241033	0.0
430.1369114	0.0
430.24972	0.0
430.3625292	0.0
430.475339	0.0
430.5881495	0.0
430.7009605	0.0
430.8137721	0.0
430.9265844	0.0
431.0393973	0.0
431.1522109	0.0
431.265025	0.0
431.3778398	0.0
431.4906553	0.0
431.6034714	0.0
431.7162881	0.0
431.8291055	0.0
431.9419236	0.0
432.0547423	0.0
432.1675617	0.0
432.2803817	0.0
432.3932025	0.0
432.5060239	0.0
432.618846	0.0
432.7316688	0.0
432.8444923	0.0
432.9573165	0.0
433.0701414	0.0
433.182967	0.0
433.2957934	0.0
433.4086204	0.0
433.5214482	0.0
433.6342767	0.0
433.7471059	0.0
433.8599358	0.0
433.9727665	0.0
434.085598	0.0
434.1984302	0.0
434.3112631	0.0
434.4240968	0.0
434.5369313	0.0
434.6497665	0.0
434.7626025	0.0
434.8754393	0.0
434.9882769	0.0
435.1011152	0.0
435.2139543	0.0
435.3267943	0.0
435.439635	0.0
435.5524765	0.0
435.6653188	0.0
435.778162	0.0
435.8910059	0.0
436.0038507	0.0
436.1166963	0.0
436.2295427	0.0
436.34239	0.0
436.4552381	0.0
436.568087	0.0
436.6809368	0.0
436.7937874	0.0
436.9066389	0.0
437.0194913	0.0
437.1323445	0.0
437.2451986	0.0
437.3580535	0.0
437.4709093	0.0
437.5837661	0.0
437.6966237	0.0
437.8094822	0.0
437.9223415	0.0
438.0352018	0.0
438.148063	0.0
438.2609251	0.0
438.3737881	0.0
438.486652	0.0
438.5995169	0.0
438.7123826	0.0
438.8252493	0.0
438.938117	0.0
439.0509856	0.0
439.1638551	0.0
439.2767255	0.0
439.389597	0.0
439.5024693	0.0
439.6153427	0.0
439.728217	0.0
439.8410923	0.0
439.9539685	0.0
440.0668457	0.0
440.1797239	0.0
440.2926031	0.0
440.4054833	0.0
440.5183645	0.0
440.6312467	0.0
440.7441299	0.0
440.8570141	0.0
440.9698993	0.0
441.0827855	0.0
441.1956728	0.0
441.3085611	0.0
441.4214504	0.0
441.5343408	0.0
441.6472322	0.0
441.7601246	0.0
441.8730181	0.0
441.9859126	0.0
442.0988082	0.0
442.2117049	0.0
442.3246026	0.0
442.4375015	0.0
442.5504013	0.0
442.6633023	0.0
442.7762043	0.0
442.8891075	0.0
443.0020117	0.0
443.114917	0.0
443.2278235	0.0
443.340731	0.0
443.4536397	0.0
443.5665494	0.0
443.6794603	0.0
443.7923723	0.0
443.9052855	0.0
444.0181998	0.0
444.1311152	0.0
444.2440317	0.0
444.3569494	0.0
444.4698683	0.0
444.5827883	0.0
444.6957095	0.0
444.8086318	0.0
444.9215553	0.0
445.03448	0.0
445.1474059	0.0
445.2603329	0.0
445.3732611	0.0
445.4861905	0.0
445.5991212	0.0
445.712053	0.0
445.824986	0.0
445.9379202	0.0
446.0508557	0.0
446.1637923	0.0
446.2767302	0.0
446.3896693	0.0
446.5026097	0.0
446.6155512	0.0
446.7284941	0.0
446.8414381	0.0
446.9543834	0.0
447.06733	0.0
447.1802778	0.0
447.2932269	0.0
447.4061772	0.0
447.5191289	0.0
447.6320818	0.0
447.7450359	0.0
447.8579914	0.0
447.9709482	0.0
448.0839062	0.0
448.1968655	0.0
448.3098262	0.0
448.4227881	0.0
448.5357514	0.0
448.648716	0.0
448.7616819	0.0
448.8746491	0.0
448.9876176	0.0
449.1005875	0.0
449.2135587	0.0
449.3265313	0.0
449.4395052	0.0
449.5524804	0.0
449.6654571	0.0
449.778435	0.0
449.8914144	0.0
450.0043951	0.0
450.1173771	0.0
450.2303606	0.0
450.3433454	0.0
450.4563317	0.0
450.5693193	0.0
450.6823083	0.0
450.7952987	0.0
450.9082905	0.0
451.0212837	0.0
451.1342783	0.0
451.2472744	0.0
451.3602719	0.0
451.4732708	0.0
451.5862711	0.0
451.6992728	0.0
451.812276	0.0
451.9252807	0.0
452.0382868	0.0
452.1512943	0.0
452.2643033	0.0
452.3773138	0.0
452.4903257	0.0
452.6033391	0.0
452.716354	0.0
452.8293703	0.0
452.9423882	0.0
453.0554075	0.0
453.1684283	0.0
453.2814506	0.0
453.3944744	0.0
453.5074998	0.0
453.6205266	0.0
453.7335549	0.0
453.8465848	0.0
453.9596162	0.0
454.0726491	0.0
454.1856836	0.0
454.2987195	0.0
454.4117571	0.0
454.5247961	0.0
454.6378368	0.0
454.7508789	0.0
454.8639227	0.0
454.976968	0.0
455.0900148	0.0
455.2030633	0.0
455.3161133	0.0
455.4291649	0.0
455.542218	0.0
455.6552728	0.0
455.7683292	0.0
455.8813871	0.0
455.9944467	0.0
456.1075079	0.0
456.2205707	0.0
456.3336351	0.0
456.4467011	0.0
456.5597687	0.0
456.672838	0.0
456.7859089	0.0
456.8989815	0.0
457.0120556	0.0
457.1251315	0.0
457.238209	0.0
457.3512881	0.0
457.4643689	0.0
457.5774514	0.0
457.6905355	0.0
457.8036213	0.0
457.9167088	0.0
458.029798	0.0
458.1428889	0.0
458.2559814	0.0
458.3690757	0.0
458.4821716	0.0
458.5952693	0.0
458.7083686	0.0
458.8214697	0.0
458.9345725	0.0
459.047677	0.0
459.1607833	0.0
459.2738913	0.0
459.387001	0.0
459.5001124	0.0
459.6132256	0.0
459.7263406	0.0
459.8394573	0.0
459.9525757	0.0
460.065696	0.0
460.1788179	0.0
460.2919417	0.0
460.4050672	0.0
460.5181945	0.0
460.6313236	0.0
460.7444545	0.0
460.8575872	0.0
460.9707217	0.0
461.083858	0.0
461.1969961	0.0
461.310136	0.0
461.4232777	0.0
461.5364212	0.0
461.6495666	0.0
461.7627138	0.0
461.8758628	0.0
461.9890136	0.0
462.1021663	0.0
462.2153209	0.0
462.3284773	0.0
462.4416355	0.0
462.5547956	0.0
462.6679576	0.0
462.7811215	0.0
462.8942872	0.0
463.0074548	0.0
463.1206242	0.0
463.2337956	0.0
463.3469689	0.0
463.460144	0.0
463.5733211	0.0
463.6865	0.0
463.7996809	0.0
463.9128637	0.0
464.0260483	0.0
464.139235	0.0
464.2524235	0.0
464.365614	0.0
464.4788064	0.0
464.5920007	0.0
464.705197	0.0
464.8183952	0.0
464.9315954	0.0
465.0447976	0.0
465.1580017	0.0
465.2712078	0.0
465.3844158	0.0
465.4976258	0.0
465.6108378	0.0
465.7240518	0.0
465.8372678	0.0
465.9504857	0.0
466.0637057	0.0
466.1769276	0.0
466.2901516	0.0
466.4033776	0.0
466.5166056	0.0
466.6298356	0.0
466.7430676	0.0
466.8563017	0.0
466.9695378	0.0
467.0827759	0.0
467.1960161	0.0
467.3092583	0.0
467.4225026	0.0
467.5357489	0.0
467.6489973	0.0
467.7622477	0.0
467.8755002	0.0
467.9887548	0.0
468.1020115	0.0
468.2152702	0.0
468.3285311	0.0
468.441794	0.0
468.555059	0.0
468.6683261	0.0
468.7815953	0.0
468.8948666	0.0
469.0081401	0.0
469.1214156	0.0
469.2346933	0.0
469.3479731	0.0
469.461255	0.0
469.5745391	0.0
469.6878253	0.0
469.8011136	0.0
469.9144041	0.0
470.0276967	0.0
470.1409915	0.0
470.2542885	0.0
470.3675876	0.0
470.4808889	0.0
470.5941924	0.0
470.707498	0.0
470.8208058	0.1
470.9341159	0.0
471.0474281	0.0
471.1607425	0.0
471.2740591	0.0
471.3873779	0.0
471.5006989	0.0
471.6140221	0.0
471.7273476	0.0
471.8406753	0.1
471.9540052	0.1
472.0673373	0.0
472.1806717	0.1
472.2940083	0.0
472.4073471	0.0
472.5206882	0.0
472.6340316	0.0
472.7473772	0.0
472.8607251	0.0
472.9740752	0.0
473.0874276	0.0
473.2007823	0.1
473.3141393	0.1
473.4274985	0.1
473.5408601	0.1
473.6542239	0.1
473.7675901	0.1
473.8809585	0.1
473.9943292	0.1
474.1077023	0.1
474.2210777	0.1
474.3344554	0.1
474.4478354	0.1
474.5612177	0.1
474.6746024	0.1
474.7879894	0.1
474.9013788	0.1
475.0147705	0.1
475.1281645	0.1
475.2415609	0.1
475.3549597	0.1
475.4683609	0.1
475.5817644	0.1
475.6951702	0.1
475.8085785	0.1
475.9219891	0.1
476.0354021	0.1
476.1488176	0.1
476.2622354	0.1
476.3756556	0.1
476.4890782	0.1
476.6025032	0.1
476.7159307	0.1
476.8293605	0.1
476.9427928	0.1
477.0562275	0.1
477.1696646	0.1
477.2831042	0.1
477.3965462	0.1
477.5099906	0.1
477.6234375	0.1
477.7368869	0.1
477.8503387	0.1
477.963793	0.1
478.0772497	0.1
478.1907089	0.1
478.3041706	0.1
478.4176348	0.1
478.5311014	0.1
478.6445705	0.1
478.7580422	0.1
478.8715163	0.1
478.9849929	0.1
479.098472	0.1
479.2119537	0.1
479.3254378	0.1
479.4389245	0.1
479.5524137	0.1
479.6659054	0.1
479.7793997	0.1
479.8928965	0.1
480.0063958	0.1
480.1198977	0.1
480.2334022	0.1
480.3469092	0.1
480.4604187	0.1
480.5739308	0.1
480.6874455	0.1
480.8009627	0.1
480.9144826	0.1
481.028005	0.1
481.14153	0.1
481.2550576	0.1
481.3685877	0.1
481.4821205	0.1
481.5956559	0.1
481.7091939	0.1
481.8227345	0.1
481.9362777	0.1
482.0498236	0.1
482.163372	0.1
482.2769231	0.1
482.3904768	0.1
482.5040332	0.1
482.6175922	0.1
482.7311539	0.1
482.8447182	0.1
482.9582852	0.1
483.0718548	0.1
483.1854271	0.1
483.2990021	0.1
483.4125797	0.1
483.52616	0.1
483.639743	0.1
483.7533287	0.1
483.8669171	0.1
483.9805081	0.1
484.0941019	0.1
484.2076984	0.1
484.3212976	0.1
484.4348995	0.1
484.5485041	0.1
484.6621115	0.1
484.7757215	0.1
484.8893343	0.1
485.0029499	0.1
485.1165682	0.1
485.2301892	0.1
485.343813	0.1
485.4574395	0.1
485.5710688	0.1
485.6847008	0.1
485.7983357	0.1
485.9119732	0.1
486.0256136	0.1
486.1392568	0.1
486.2529027	0.1
486.3665514	0.1
486.4802029	0.1
486.5938572	0.1
486.7075143	0.1
486.8211743	0.2
486.934837	0.2
487.0485025	0.2
487.1621709	0.2
487.2758421	0.2
487.3895161	0.2
487.503193	0.2
487.6168727	0.2
487.7305552	0.2
487.8442406	0.2
487.9579288	0.2
488.0716199	0.2
488.1853139	0.2
488.2990107	0.2
488.4127104	0.2
488.5264129	0.2
488.6401184	0.2
488.7538267	0.2
488.8675379	0.2
488.981252	0.2
489.094969	0.2
489.2086889	0.2
489.3224116	0.2
489.4361373	0.2
489.549866	0.2
489.6635975	0.2
489.777332	0.2
489.8910693	0.2
490.0048096	0.2
490.1185529	0.2
490.2322991	0.2
490.3460482	0.2
490.4598003	0.2
490.5735553	0.2
490.6873133	0.2
490.8010743	0.2
490.9148382	0.2
491.0286051	0.2
491.1423749	0.2
491.2561478	0.2
491.3699236	0.2
491.4837024	0.3
491.5974842	0.3
491.7112691	0.3
491.8250569	0.3
491.9388477	0.3
492.0526415	0.3
492.1664383	0.3
492.2802382	0.3
492.3940411	0.3
492.507847	0.3
492.6216559	0.3
492.7354679	0.3
492.8492829	0.3
492.963101	0.3
493.0769221	0.3
493.1907463	0.3
493.3045735	0.3
493.4184038	0.3
493.5322372	0.3
493.6460736	0.3
493.7599132	0.3
493.8737558	0.3
493.9876014	0.3
494.1014502	0.3
494.2153021	0.3
494.329157	0.3
494.4430151	0.3
494.5568763	0.3
494.6707406	0.3
494.784608	0.3
494.8984785	0.3
495.0123522	0.3
495.126229	0.3
495.2401089	0.3
495.3539919	0.4
495.4678781	0.3
495.5817675	0.4
495.69566	0.4
495.8095556	0.4
495.9234544	0.4
496.0373564	0.4
496.1512616	0.4
496.2651699	0.4
496.3790814	0.4
496.4929961	0.4
496.606914	0.4
496.7208351	0.4
496.8347593	0.4
496.9486868	0.4
497.0626175	0.4
497.1765513	0.4
497.2904884	0.4
497.4044288	0.4
497.5183723	0.4
497.6323191	0.4
497.7462691	0.4
497.8602223	0.4
497.9741788	0.4
498.0881385	0.5
498.2021014	0.5
498.3160677	0.5
498.4300371	0.5
498.5440099	0.5
498.6579859	0.5
498.7719652	0.5
498.8859477	0.5
498.9999336	0.5
499.1139227	0.5
499.2279151	0.5
499.3419108	0.5
499.4559098	0.6
499.5699121	0.6
499.6839178	0.6
499.7979267	0.6
499.9119389	0.6
500.0259545	0.6
500.1399734	0.6
500.2539956	0.6
500.3680212	0.6
500.48205	0.6
500.5960823	0.6
500.7101179	0.6
500.8241568	0.6
500.9381991	0.6
501.0522447	0.6
501.1662937	0.6
501.2803461	0.6
501.3944019	0.6
501.508461	0.6
501.6225235	0.6
501.7365894	0.7
501.8506587	0.7
501.9647314	0.7
502.0788075	0.7
502.192887	0.7
502.3069699	0.7
502.4210562	0.7
502.5351459	0.7
502.6492391	0.7
502.7633357	0.7
502.8774357	0.7
502.9915391	0.7
503.105646	0.8
503.2197563	0.8
503.3338701	0.8
503.4479873	0.8
503.562108	0.8
503.6762322	0.8
503.7903598	0.8
503.9044909	0.8
504.0186255	0.8
504.1327635	0.8
504.246905	0.8
504.3610501	0.9
504.4751986	0.9
504.5893506	0.9
504.7035061	0.9
504.8176651	0.9
504.9318276	0.9
505.0459937	0.9
505.1601632	0.9
505.2743363	0.9
505.3885129	0.9
505.5026931	0.9
505.6168768	0.9
505.731064	0.9
505.8452548	0.9
505.9594491	0.9
506.073647	0.9
506.1878484	0.9
506.3020534	0.9
506.416262	0.9
506.5304741	0.9
506.6446898	0.9
506.7589092	0.9
506.873132	0.9
506.9873585	0.9
507.1015886	0.9
507.2158223	0.9
507.3300595	0.9
507.4443004	0.9
507.5585449	0.9
507.672793	0.9
507.7870448	0.9
507.9013001	0.9
508.0155591	0.9
508.1298217	0.9
508.244088	0.9
508.3583579	0.9
508.4726315	0.9
508.5869087	0.9
508.7011895	0.9
508.8154741	0.9
508.9297623	0.9
509.0440541	0.9
509.1583497	0.9
509.2726489	0.9
509.3869518	0.9
509.5012584	0.9
509.6155686	0.9
509.7298826	0.9
509.8442003	0.9
509.9585217	0.9
510.0728468	0.9
510.1871756	0.9
510.3015081	1.0
510.4158443	1.0
510.5301843	1.0
510.644528	1.0
510.7588755	1.0
510.8732266	1.0
510.9875816	1.0
511.1019403	1.0
511.2163027	1.0
511.3306689	1.0
511.4450388	1.0
511.5594126	1.0
511.6737901	1.0
511.7881713	1.0
511.9025564	1.0
512.0169452	1.0
512.1313378	1.0
512.2457343	1.0
512.3601345	1.0
512.4745385	1.0
512.5889463	1.0
512.703358	1.0
512.8177734	1.0
512.9321927	1.0
513.0466158	1.0
513.1610427	1.0
513.2754735	1.0
513.3899081	1.0
513.5043466	1.0
513.6187889	1.0
513.733235	1.0
513.847685	1.0
513.9621389	1.0
514.0765966	1.0
514.1910582	1.0
514.3055237	0.9
514.419993	0.9
514.5344662	0.9
514.6489434	0.9
514.7634244	0.9
514.8779093	0.9
514.9923981	0.9
515.1068908	0.9
515.2213874	0.9
515.3358879	0.9
515.4503924	0.9
515.5649008	0.9
515.6794131	0.9
515.7939293	0.9
515.9084494	0.9
516.0229736	0.9
516.1375016	0.9
516.2520336	0.9
516.3665696	0.9
516.4811095	0.9
516.5956533	0.9
516.7102012	0.9
516.824753	0.9
516.9393088	0.9
517.0538685	0.9
517.1684323	0.9
517.283	0.9
517.3975718	0.9
517.5121475	0.9
517.6267272	0.9
517.741311	0.9
517.8558987	0.9
517.9704905	0.9
518.0850863	0.9
518.1996861	0.9
518.3142899	0.9
518.4288978	0.9
518.5435097	0.9
518.6581256	0.9
518.7727456	0.9
518.8873697	0.9
519.0019978	0.9
519.1166299	0.9
519.2312662	0.9
519.3459064	0.8
519.4605508	0.8
519.5751993	0.8
519.6898518	0.8
519.8045084	0.8
519.9191691	0.8
520.0338339	0.8
520.1485028	0.8
520.2631758	0.8
520.3778529	0.8
520.4925341	0.8
520.6072195	0.8
520.7219089	0.7
520.8366025	0.7
520.9513002	0.7
521.0660021	0.7
521.1807081	0.7
521.2954182	0.7
521.4101325	0.7
521.5248509	0.7
521.6395735	0.7
521.7543003	0.7
521.8690312	0.7
521.9837663	0.7
522.0985055	0.7
522.213249	0.7
522.3279966	0.7
522.4427484	0.7
522.5575044	0.7
522.6722646	0.7
522.787029	0.7
522.9017976	0.7
523.0165704	0.7
523.1313475	0.6
523.2461287	0.6
523.3609142	0.6
523.4757039	0.6
523.5904979	0.6
523.705296	0.6
523.8200984	0.6
523.9349051	0.6
524.049716	0.6
524.1645312	0.6
524.2793506	0.6
524.3941743	0.6
524.5090022	0.6
524.6238345	0.6
524.738671	0.6
524.8535118	0.6
524.9683568	0.6
525.0832062	0.6
525.1980598	0.6
525.3129178	0.6
525.42778	0.6
525.5426466	0.6
525.6575175	0.6
525.7723927	0.6
525.8872722	0.6
526.002156	0.6
526.1170442	0.6
526.2319367	0.6
526.3468335	0.6
526.4617347	0.6
526.5766402	0.5
526.6915501	0.5
526.8064643	0.5
526.9213829	0.5
527.0363059	0.5
527.1512332	0.5
527.2661649	0.5
527.381101	0.5
527.4960415	0.5
527.6109863	0.5
527.7259356	0.5
527.8408892	0.5
527.9558472	0.5
528.0708097	0.5
528.1857765	0.5
528.3007478	0.5
528.4157235	0.5
528.5307036	0.5
528.6456881	0.5
528.7606771	0.5
528.8756705	0.5
528.9906684	0.5
529.1056706	0.5
529.2206774	0.5
529.3356886	0.5
529.4507042	0.5
529.5657243	0.5
529.6807489	0.5
529.795778	0.5
529.9108115	0.5
530.0258495	0.5
530.140892	0.5
530.2559389	0.5
530.3709904	0.5
530.4860464	0.5
530.6011069	0.5
530.7161718	0.5
530.8312413	0.5
530.9463153	0.5
531.0613939	0.5
531.1764769	0.4
531.2915645	0.4
531.4066566	0.4
531.5217532	0.4
531.6368544	0.4
531.7519602	0.4
531.8670705	0.4
531.9821853	0.4
532.0973047	0.4
532.2124287	0.4
532.3275572	0.4
532.4426903	0.4
532.557828	0.4
532.6729703	0.4
532.7881171	0.4
532.9032686	0.4
533.0184246	0.4
533.1335852	0.4
533.2487505	0.4
533.3639203	0.4
533.4790948	0.4
533.5942739	0.4
533.7094576	0.4
533.8246459	0.4
533.9398389	0.4
534.0550365	0.4
534.1702387	0.4
534.2854456	0.4
534.4006571	0.4
534.5158733	0.4
534.6310941	0.3
534.7463196	0.3
534.8615498	0.3
534.9767846	0.3
535.0920241	0.3
535.2072683	0.3
535.3225172	0.3
535.4377708	0.3
535.553029	0.3
535.668292	0.3
535.7835596	0.3
535.898832	0.3
536.014109	0.3
536.1293908	0.3
536.2446773	0.3
536.3599685	0.3
536.4752645	0.3
536.5905652	0.3
536.7058706	0.3
536.8211808	0.3
536.9364957	0.3
537.0518153	0.3
537.1671397	0.3
537.2824689	0.3
537.3978028	0.3
537.5131416	0.3
537.628485	0.3
537.7438333	0.3
537.8591863	0.3
537.9745441	0.3
538.0899067	0.3
538.2052741	0.3
538.3206463	0.3
538.4360233	0.3
538.5514052	0.3
538.6667918	0.3
538.7821832	0.3
538.8975795	0.3
539.0129806	0.3
539.1283865	0.3
539.2437972	0.3
539.3592128	0.3
539.4746333	0.3
539.5900585	0.3
539.7054887	0.3
539.8209237	0.3
539.9363635	0.3
540.0518082	0.3
540.1672578	0.3
540.2827123	0.3
540.3981716	0.3
540.5136358	0.3
540.6291049	0.3
540.7445789	0.3
540.8600578	0.3
540.9755416	0.3
541.0910303	0.3
541.2065239	0.3
541.3220224	0.3
541.4375259	0.3
541.5530342	0.3
541.6685475	0.2
541.7840658	0.3
541.8995889	0.2
542.015117	0.2
542.1306501	0.2
542.2461881	0.2
542.361731	0.2
542.4772789	0.2
542.5928318	0.2
542.7083896	0.2
542.8239524	0.2
542.9395202	0.2
543.055093	0.2
543.1706707	0.2
543.2862534	0.2
543.4018412	0.2
543.5174339	0.2
543.6330316	0.2
543.7486344	0.2
543.8642421	0.2
543.9798549	0.2
544.0954727	0.2
544.2110955	0.2
544.3267233	0.2
544.4423562	0.2
544.5579941	0.2
544.673637	0.2
544.789285	0.2
544.9049381	0.2
545.0205962	0.2
545.1362593	0.2
545.2519276	0.2
545.3676009	0.2
545.4832792	0.2
545.5989627	0.2
545.7146512	0.2
545.8303448	0.2
545.9460435	0.2
546.0617473	0.2
546.1774562	0.2
546.2931702	0.2
546.4088893	0.2
546.5246136	0.2
546.6403429	0.2
546.7560774	0.2
546.871817	0.2
546.9875617	0.2
547.1033116	0.2
547.2190666	0.2
547.3348267	0.2
547.450592	0.2
547.5663624	0.2
547.682138	0.2
547.7979188	0.2
547.9137047	0.2
548.0294958	0.2
548.1452921	0.2
548.2610935	0.2
548.3769002	0.2
548.492712	0.2
548.608529	0.2
548.7243512	0.2
548.8401787	0.2
548.9560113	0.2
549.0718491	0.2
549.1876922	0.2
549.3035404	0.2
549.4193939	0.2
549.5352526	0.2
549.6511166	0.2
549.7669858	0.2
549.8828602	0.2
549.9987399	0.2
550.1146248	0.2
550.230515	0.2
550.3464104	0.2
550.4623111	0.2
550.5782171	0.2
550.6941283	0.2
550.8100449	0.2
550.9259667	0.2
551.0418938	0.2
551.1578261	0.2
551.2737638	0.2
551.3897068	0.1
551.505655	0.1
551.6216086	0.1
551.7375675	0.1
551.8535317	0.1
551.9695013	0.1
552.0854761	0.1
552.2014563	0.1
552.3174418	0.1
552.4334327	0.1
552.5494289	0.1
552.6654304	0.1
552.7814374	0.1
552.8974496	0.1
553.0134672	0.1
553.1294902	0.1
553.2455186	0.1
553.3615523	0.1
553.4775914	0.1
553.5936359	0.1
553.7096858	0.1
553.825741	0.1
553.9418017	0.1
554.0578678	0.1
554.1739393	0.1
554.2900161	0.1
554.4060984	0.1
554.5221862	0.1
554.6382793	0.1
554.7543779	0.1
554.8704818	0.1
554.9865913	0.1
555.1027062	0.1
555.2188265	0.1
555.3349522	0.1
555.4510835	0.1
555.5672201	0.1
555.6833623	0.1
555.7995099	0.1
555.915663	0.1
556.0318215	0.1
556.1479856	0.1
556.2641551	0.1
556.3803301	0.1
556.4965106	0.1
556.6126966	0.1
556.7288881	0.1
556.8450851	0.1
556.9612877	0.1
557.0774957	0.1
557.1937093	0.1
557.3099283	0.1
557.426153	0.1
557.5423831	0.1
557.6586188	0.1
557.77486	0.1
557.8911068	0.1
558.0073591	0.1
558.123617	0.1
558.2398804	0.1
558.3561494	0.1
558.472424	0.1
558.5887042	0.1
558.7049899	0.1
558.8212812	0.1
558.9375781	0.1
559.0538806	0.1
559.1701887	0.1
559.2865023	0.1
559.4028216	0.1
559.5191465	0.1
559.635477	0.1
559.7518132	0.1
559.8681549	0.1
559.9845023	0.1
560.1008553	0.1
560.2172139	0.1
560.3335782	0.1
560.4499481	0.1
560.5663237	0.1
560.6827049	0.1
560.7990918	0.1
560.9154844	0.1
561.0318826	0.1
561.1482865	0.1
561.264696	0.1
561.3811112	0.1
561.4975322	0.1
561.6139588	0.1
561.7303911	0.1
561.8468291	0.1
561.9632728	0.1
562.0797222	0.1
562.1961773	0.1
562.3126381	0.1
562.4291047	0.1
562.545577	0.1
562.662055	0.1
562.7785387	0.1
562.8950282	0.1
563.0115234	0.1
563.1280244	0.1
563.2445311	0.1
563.3610435	0.1
563.4775618	0.1
563.5940858	0.1
563.7106155	0.1
563.827151	0.1
563.9436923	0.1
564.0602394	0.1
564.1767923	0.1
564.293351	0.1
564.4099154	0.1
564.5264857	0.1
564.6430618	0.1
564.7596436	0.1
564.8762313	0.1
564.9928248	0.1
565.1094241	0.1
565.2260293	0.1
565.3426403	0.1
565.4592571	0.1
565.5758797	0.1
565.6925082	0.1
565.8091425	0.1
565.9257827	0.1
566.0424288	0.1
566.1590807	0.0
566.2757385	0.0
566.3924021	0.0
566.5090716	0.0
566.625747	0.0
566.7424283	0.0
566.8591155	0.0
566.9758086	0.0
567.0925075	0.0
567.2092124	0.0
567.3259231	0.0
567.4426398	0.0
567.5593624	0.0
567.6760909	0.0
567.7928253	0.0
567.9095657	0.0
568.026312	0.0
568.1430642	0.0
568.2598224	0.0
568.3765865	0.0
568.4933565	0.0
568.6101326	0.0
568.7269145	0.0
568.8437025	0.0
568.9604964	0.0
569.0772963	0.0
569.1941021	0.0
569.3109139	0.0
569.4277318	0.0
569.5445556	0.0
569.6613854	0.0
569.7782212	0.0
569.895063	0.0
570.0119108	0.0
570.1287646	0.0
570.2456244	0.0
570.3624903	0.0
570.4793622	0.0
570.5962401	0.0
570.713124	0.0
570.830014	0.0
570.94691	0.0
571.0638121	0.0
571.1807202	0.0
571.2976344	0.0
571.4145546	0.0
571.5314809	0.0
571.6484133	0.0
571.7653518	0.0
571.8822963	0.0
571.9992469	0.0
572.1162036	0.0
572.2331664	0.0
572.3501353	0.0
572.4671102	0.0
572.5840913	0.0
572.7010785	0.0
572.8180718	0.0
572.9350712	0.0
573.0520768	0.0
573.1690885	0.0
573.2861063	0.0
573.4031302	0.0
573.5201603	0.0
573.6371965	0.0
573.7542389	0.0
573.8712874	0.0
573.9883421	0.0
574.1054029	0.0
574.22247	0.0
574.3395431	0.0
574.4566225	0.0
574.573708	0.0
574.6907998	0.0
574.8078977	0.0
574.9250018	0.0
575.0421121	0.0
575.1592286	0.0
575.2763513	0.0
575.3934802	0.0
575.5106154	0.0
575.6277567	0.0
575.7449043	0.0
575.8620581	0.0
575.9792181	0.0
576.0963844	0.0
576.2135569	0.0
576.3307357	0.0
576.4479207	0.0
576.565112	0.0
576.6823095	0.0
576.7995133	0.0
576.9167234	0.0
577.0339397	0.0
577.1511623	0.0
577.2683912	0.0
577.3856264	0.0
577.5028679	0.0
577.6201156	0.0
577.7373697	0.0
577.8546301	0.0
577.9718968	0.0
578.0891697	0.0
578.2064491	0.0
578.3237347	0.0
578.4410266	0.0
578.5583249	0.0
578.6756295	0.0
578.7929405	0.0
578.9102578	0.0
579.0275814	0.0
579.1449114	0.0
579.2622478	0.0
579.3795905	0.0
579.4969396	0.0
579.6142951	0.0
579.7316569	0.0
579.8490251	0.0
579.9663997	0.0
580.0837807	0.0
580.201168	0.0
580.3185618	0.0
580.435962	0.0
580.5533686	0.0
580.6707815	0.0
580.7882009	0.0
580.9056268	0.0
581.023059	0.0
581.1404977	0.0
581.2579428	0.0
581.3753943	0.0
581.4928523	0.0
581.6103167	0.0
581.7277876	0.0
581.8452649	0.0
581.9627487	0.0
582.0802389	0.0
582.1977357	0.0
582.3152389	0.0
582.4327485	0.0
582.5502647	0.0
582.6677873	0.0
582.7853164	0.0
582.902852	0.0
583.0203941	0.0
583.1379428	0.0
583.2554979	0.0
583.3730595	0.0
583.4906277	0.0
583.6082023	0.0
583.7257835	0.0
583.8433713	0.0
583.9609655	0.0
584.0785663	0.0
584.1961737	0.0
584.3137875	0.0
584.431408	0.0
584.549035	0.0
584.6666685	0.0
584.7843087	0.0
584.9019553	0.0
585.0196086	0.0
585.1372685	0.0
585.2549349	0.0
585.3726079	0.0
585.4902875	0.0
585.6079737	0.0
585.7256665	0.0
585.8433659	0.0
585.9610719	0.0
586.0787845	0.0
586.1965038	0.0
586.3142296	0.0
586.4319621	0.0
586.5497013	0.0
586.667447	0.0
586.7851994	0.0
586.9029585	0.0
587.0207241	0.0
587.1384965	0.0
587.2562755	0.0
587.3740612	0.0
587.4918535	0.0
587.6096525	0.0
587.7274582	0.0
587.8452705	0.0
587.9630896	0.0
588.0809153	0.0
588.1987477	0.0
588.3165869	0.0
588.4344327	0.0
588.5522852	0.0
588.6701445	0.0
588.7880104	0.0
588.9058831	0.0
589.0237625	0.0
589.1416486	0.0
589.2595415	0.0
589.3774411	0.0
589.4953474	0.0
589.6132605	0.0
589.7311804	0.0
589.849107	0.0
589.9670403	0.0
590.0849804	0.0
590.2029273	0.0
590.320881	0.0
590.4388414	0.0
590.5568087	0.0
590.6747827	0.0
590.7927635	0.0
590.910751	0.0
591.0287454	0.0
591.1467466	0.0
591.2647546	0.0
591.3827694	0.0
591.5007911	0.0
591.6188195	0.0
591.7368548	0.0
591.8548969	0.0
591.9729459	0.0
592.0910017	0.0
592.2090643	0.0
592.3271338	0.0
592.4452101	0.0
592.5632933	0.0
592.6813833	0.0
592.7994802	0.0
592.917584	0.0
593.0356947	0.0
593.1538122	0.0
593.2719366	0.0
593.3900679	0.0
593.5082061	0.0
593.6263512	0.0
593.7445032	0.0
593.8626621	0.0
593.980828	0.0
594.0990007	0.0
594.2171803	0.0
594.3353669	0.0
594.4535604	0.0
594.5717608	0.0
594.6899682	0.0
594.8081825	0.0
594.9264038	0.0
595.044632	0.0
595.1628671	0.0
595.2811092	0.0
595.3993583	0.0
595.5176144	0.0
595.6358774	0.0
595.7541474	0.0
595.8724244	0.0
595.9907083	0.0
596.1089993	0.0
596.2272972	0.0
596.3456022	0.0
596.4639141	0.0
596.5822331	0.0
596.700559	0.0
596.818892	0.0
596.937232	0.0
597.0555791	0.0
597.1739331	0.0
597.2922942	0.0
597.4106624	0.0
597.5290375	0.0
597.6474197	0.0
597.765809	0.0
597.8842054	0.0
598.0026087	0.0
598.1210192	0.0
598.2394367	0.0
598.3578613	0.0
598.476293	0.0
598.5947318	0.0
598.7131776	0.0
598.8316305	0.0
598.9500906	0.0
599.0685577	0.0
599.187032	0.0
599.3055133	0.0
599.4240018	0.0
599.5424973	0.0
599.661	0.0
599.7795099	0.0
599.8980268	0.0
600.0165509	0.0
600.1350822	0.0
600.2536206	0.0
600.3721661	0.0
600.4907188	0.0
600.6092786	0.0
600.7278456	0.0
600.8464198	0.0
600.9650011	0.0
601.0835897	0.0
601.2021854	0.0
601.3207882	0.0
601.4393983	0.0
601.5580156	0.0
601.67664	0.0
601.7952717	0.0
601.9139106	0.0
602.0325567	0.0
602.15121	0.0
602.2698705	0.0
602.3885382	0.0
602.5072132	0.0
602.6258954	0.0
602.7445848	0.0
602.8632815	0.0
602.9819855	0.0
603.1006966	0.0
603.2194151	0.0
603.3381408	0.0
603.4568737	0.0
603.575614	0.0
603.6943615	0.0
603.8131163	0.0
603.9318783	0.0
604.0506477	0.0
604.1694243	0.0
604.2882082	0.0
604.4069995	0.0
604.525798	0.0
604.6446039	0.0
604.763417	0.0
604.8822375	0.0
605.0010653	0.0
605.1199004	0.0
605.2387429	0.0
605.3575927	0.0
605.4764498	0.0
605.5953143	0.0
605.7141861	0.0
605.8330653	0.0
605.9519518	0.0
606.0708457	0.0
606.189747	0.0
606.3086556	0.0
606.4275716	0.0
606.546495	0.0
606.6654257	0.0
606.7843639	0.0
606.9033094	0.0
607.0222624	0.0
607.1412227	0.0
607.2601905	0.0
607.3791656	0.0
607.4981482	0.0
607.6171382	0.0
607.7361356	0.0
607.8551405	0.0
607.9741528	0.0
608.0931725	0.0
608.2121996	0.0
608.3312342	0.0
608.4502763	0.0
608.5693258	0.0
608.6883828	0.0
608.8074472	0.0
608.9265191	0.0
609.0455985	0.0
609.1646853	0.0
609.2837797	0.0
609.4028815	0.0
609.5219908	0.0
609.6411076	0.0
609.7602319	0.0
609.8793637	0.0
609.998503	0.0
610.1176498	0.0
610.2368041	0.0
610.355966	0.0
610.4751354	0.0
610.5943123	0.0
610.7134967	0.0
610.8326887	0.0
610.9518882	0.0
611.0710953	0.0
611.1903099	0.0
611.3095321	0.0
611.4287619	0.0
611.5479992	0.0
611.6672441	0.0
611.7864965	0.0
611.9057565	0.0
612.0250242	0.0
612.1442994	0.0
612.2635822	0.0
612.3828725	0.0
612.5021705	0.0
612.6214761	0.0
612.7407893	0.0
612.8601102	0.0
612.9794386	0.0
613.0987746	0.0
613.2181183	0.0
613.3374697	0.0
613.4568286	0.0
613.5761952	0.0
613.6955694	0.0
613.8149513	0.0
613.9343409	0.0
614.0537381	0.0
614.1731429	0.0
614.2925555	0.0
614.4119757	0.0
614.5314035	0.0
614.6508391	0.0
614.7702823	0.0
614.8897333	0.0
615.0091919	0.0
615.1286582	0.0
615.2481322	0.0
615.367614	0.0
615.4871034	0.0
615.6066006	0.0
615.7261055	0.0
615.8456181	0.0
615.9651384	0.0
616.0846665	0.0
616.2042023	0.0
616.3237458	0.0
616.4432971	0.0
616.5628561	0.0
616.6824229	0.0
616.8019975	0.0
616.9215798	0.0
617.0411699	0.0
617.1607678	0.0
617.2803734	0.0
617.3999868	0.0
617.5196081	0.0
617.6392371	0.0
617.7588739	0.0
617.8785185	0.0
617.9981709	0.0
618.1178311	0.0
618.2374991	0.0
618.3571749	0.0
618.4768586	0.0
618.5965501	0.0
618.7162494	0.0
618.8359565	0.0
618.9556715	0.0
619.0753944	0.0
619.1951251	0.0
619.3148636	0.0
619.43461	0.0
619.5543643	0.0
619.6741264	0.0
619.7938964	0.0
619.9136743	0.0
620.03346	0.0
620.1532536	0.0
620.2730552	0.0
620.3928646	0.0
620.5126819	0.0
620.6325071	0.0
620.7523402	0.0
620.8721812	0.0
620.9920302	0.0
621.111887	0.0
621.2317518	0.0
621.3516246	0.0
621.4715052	0.0
621.5913938	0.0
621.7112903	0.0
621.8311948	0.0
621.9511072	0.0
622.0710276	0.0
622.1909559	0.0
622.3108922	0.0
622.4308365	0.0
622.5507887	0.0
622.6707489	0.0
622.7907171	0.0
622.9106933	0.0
623.0306775	0.0
623.1506697	0.0
623.2706698	0.0
623.390678	0.0
623.5106942	0.0
623.6307184	0.0
623.7507506	0.0
623.8707908	0.0
623.9908391	0.0
624.1108953	0.0
624.2309597	0.0
624.351032	0.0
624.4711124	0.0
624.5912009	0.0
624.7112974	0.0
624.8314019	0.0
624.9515145	0.0
625.0716352	0.0
625.191764	0.0
625.3119008	0.0
625.4320457	0.0
625.5521987	0.0
625.6723598	0.0
625.7925289	0.0
625.9127062	0.0
626.0328916	0.0
626.153085	0.0
626.2732866	0.0
626.3934963	0.0
626.5137141	0.0
626.63394	0.0
626.7541741	0.0
626.8744163	0.0
626.9946666	0.0
627.1149251	0.0
627.2351917	0.0
627.3554665	0.0
627.4757494	0.0
627.5960405	0.0
627.7163397	0.0
627.8366471	0.0
627.9569627	0.0
628.0772864	0.0
628.1976184	0.0
628.3179585	0.0
628.4383068	0.0
628.5586633	0.0
628.679028	0.0
628.7994009	0.0
628.919782	0.0
629.0401713	0.0
629.1605689	0.0
629.2809746	0.0
629.4013886	0.0
629.5218108	0.0
629.6422413	0.0
629.76268	0.0
629.8831269	0.0
630.003582	0.0
630.1240455	0.0
630.2445172	0.0
630.3649971	0.0
630.4854853	0.0
630.6059818	0.0
630.7264865	0.0
630.8469995	0.0
630.9675208	0.0
631.0880504	0.0
631.2085883	0.0
631.3291345	0.0
631.449689	0.0
631.5702518	0.0
631.6908228	0.0
631.8114022	0.0
631.93199	0.0
632.052586	0.0
632.1731904	0.0
632.2938031	0.0
632.4144241	0.0
632.5350535	0.0
632.6556912	0.0
632.7763373	0.0
632.8969917	0.0
633.0176545	0.0
633.1383256	0.0
633.2590051	0.0
633.379693	0.0
633.5003893	0.0
633.6210939	0.0
633.7418069	0.0
633.8625283	0.0
633.9832581	0.0
634.1039963	0.0
634.2247429	0.0
634.3454979	0.0
634.4662613	0.0
634.5870332	0.0
634.7078134	0.0
634.8286021	0.0
634.9493992	0.0
635.0702047	0.0
635.1910187	0.0
635.3118411	0.0
635.432672	0.0
635.5535113	0.0
635.674359	0.0
635.7952153	0.0
635.91608	0.0
636.0369531	0.0
636.1578347	0.0
636.2787248	0.0
636.3996234	0.0
636.5205305	0.0
636.6414461	0.0
636.7623701	0.0
636.8833027	0.0
637.0042437	0.0
637.1251933	0.0
637.2461514	0.0
637.367118	0.0
637.4880931	0.0
637.6090767	0.0
637.7300689	0.0
637.8510696	0.0
637.9720789	0.0
638.0930967	0.0
638.214123	0.0
638.3351579	0.0
638.4562013	0.0
638.5772533	0.0
638.6983139	0.0
638.8193831	0.0
638.9404608	0.0
639.0615471	0.0
639.1826419	0.0
639.3037454	0.0
639.4248575	0.0
639.5459781	0.0
639.6671074	0.0
639.7882453	0.0
639.9093917	0.0
640.0305468	0.0
640.1517105	0.0
640.2728828	0.0
640.3940638	0.0
640.5152534	0.0
640.6364516	0.0
640.7576585	0.0
640.878874	0.0
641.0000981	0.0
641.1213309	0.0
641.2425724	0.0
641.3638226	0.0
641.4850814	0.0
641.6063488	0.0
641.727625	0.0
641.8489098	0.0
641.9702033	0.0
642.0915055	0.0
642.2128164	0.0
642.334136	0.0
642.4554643	0.0
642.5768013	0.0
642.698147	0.0
642.8195015	0.0
642.9408646	0.0
643.0622365	0.0
643.1836171	0.0
643.3050065	0.0
643.4264045	0.0
643.5478114	0.0
643.6692269	0.0
643.7906513	0.0
643.9120843	0.0
644.0335262	0.0
644.1549768	0.0
644.2764361	0.0
644.3979043	0.0
644.5193812	0.0
644.6408669	0.0
644.7623614	0.0
644.8838647	0.0
645.0053768	0.0
645.1268976	0.0
645.2484273	0.0
645.3699658	0.0
645.4915131	0.0
645.6130692	0.0
645.7346342	0.0
645.856208	0.0
645.9777906	0.0
646.099382	0.0
646.2209823	0.0
646.3425914	0.0
646.4642094	0.0
646.5858362	0.0
646.7074719	0.0
646.8291164	0.0
646.9507698	0.0
647.0724321	0.0
647.1941033	0.0
647.3157833	0.0
647.4374722	0.0
647.55917	0.0
647.6808767	0.0
647.8025923	0.0
647.9243168	0.0
648.0460502	0.0
648.1677926	0.0
648.2895438	0.0
648.411304	0.0
648.533073	0.0
648.654851	0.0
648.776638	0.0
648.8984339	0.0
649.0202387	0.0
649.1420524	0.0
649.2638752	0.0
649.3857068	0.0
649.5075475	0.0
649.629397	0.0
649.7512556	0.0
649.8731231	0.0
649.9949997	0.0
650.1168851	0.0
650.2387796	0.0
650.3606831	0.0
650.4825956	0.0
650.604517	0.0
650.7264475	0.0
650.848387	0.0
650.9703354	0.0
651.092293	0.0
651.2142595	0.0
651.336235	0.0
651.4582196	0.0
651.5802132	0.0
651.7022159	0.0
651.8242276	0.0
651.9462483	0.0
652.0682781	0.0
652.190317	0.0
652.3123649	0.0
652.4344219	0.0
652.5564879	0.0
652.6785631	0.0
652.8006473	0.0
652.9227406	0.0
653.0448429	0.0
653.1669544	0.0
653.289075	0.0
653.4112046	0.0
653.5333434	0.0
653.6554913	0.0
653.7776483	0.0
653.8998144	0.0
654.0219897	0.0
654.144174	0.0
654.2663675	0.0
654.3885702	0.0
654.5107819	0.0
654.6330029	0.0
654.7552329	0.0
654.8774722	0.0
654.9997205	0.0
655.1219781	0.0
655.2442448	0.0
655.3665207	0.0
655.4888058	0.0
655.6111	0.0
655.7334034	0.0
655.855716	0.0
655.9780379	0.0
656.1003689	0.0
656.2227091	0.0
656.3450585	0.0
656.4674171	0.0
656.589785	0.0
656.7121621	0.0
656.8345483	0.0
656.9569439	0.0
657.0793486	0.0
657.2017626	0.0
657.3241859	0.0
657.4466184	0.0
657.5690601	0.0
657.6915111	0.0
657.8139713	0.0
657.9364409	0.0
658.0589196	0.0
658.1814077	0.0
658.303905	0.0
658.4264117	0.0
658.5489276	0.0
658.6714528	0.0
658.7939873	0.0
658.9165311	0.0
659.0390842	0.0
659.1616466	0.0
659.2842183	0.0
659.4067994	0.0
659.5293897	0.0
659.6519894	0.0
659.7745984	0.0
659.8972168	0.0
660.0198445	0.0
660.1424815	0.0
660.2651279	0.0
660.3877837	0.0
660.5104488	0.0
660.6331232	0.0
660.7558071	0.0
660.8785003	0.0
661.0012028	0.0
661.1239148	0.0
661.2466361	0.0
661.3693669	0.0
661.492107	0.0
661.6148565	0.0
661.7376155	0.0
661.8603838	0.0
661.9831615	0.0
662.1059487	0.0
662.2287453	0.0
662.3515513	0.0
662.4743667	0.0
662.5971916	0.0
662.7200259	0.0
662.8428696	0.0
662.9657228	0.0
663.0885854	0.0
663.2114575	0.0
663.3343391	0.0
663.4572301	0.0
663.5801306	0.0
663.7030405	0.0
663.82596	0.0
663.9488889	0.0
664.0718273	0.0
664.1947752	0.0
664.3177326	0.0
664.4406995	0.0
664.5636759	0.0
664.6866618	0.0
664.8096572	0.0
664.9326621	0.0
665.0556766	0.0
665.1787005	0.0
665.301734	0.0
665.4247771	0.0
665.5478297	0.0
665.6708918	0.0
665.7939635	0.0
665.9170447	0.0
666.0401355	0.0
666.1632358	0.0
666.2863457	0.0
666.4094652	0.0
666.5325943	0.0
666.6557329	0.0
666.7788811	0.0
666.9020389	0.0
667.0252063	0.0
667.1483833	0.0
667.2715699	0.0
667.3947661	0.0
667.517972	0.0
667.6411874	0.0
667.7644124	0.0
667.8876471	0.0
668.0108914	0.0
668.1341453	0.0
668.2574089	0.0
668.3806821	0.0
668.503965	0.0
668.6272575	0.0
668.7505596	0.0
668.8738714	0.0
668.9971929	0.0
669.1205241	0.0
669.2438649	0.0
669.3672154	0.0
669.4905756	0.0
669.6139454	0.0
669.737325	0.0
669.8607142	0.0
669.9841132	0.0
670.1075218	0.0
670.2309402	0.0
670.3543682	0.0
670.477806	0.0
670.6012535	0.0
670.7247107	0.0
670.8481777	0.0
670.9716544	0.0
671.0951408	0.0
671.218637	0.0
671.3421429	0.0
671.4656586	0.0
671.589184	0.0
671.7127192	0.0
671.8362642	0.0
671.9598189	0.0
672.0833834	0.0
672.2069577	0.0
672.3305417	0.0
672.4541356	0.0
672.5777392	0.0
672.7013527	0.0
672.8249759	0.0
672.9486089	0.0
673.0722518	0.0
673.1959044	0.0
673.3195669	0.0
673.4432392	0.0
673.5669213	0.0
673.6906133	0.0
673.8143151	0.0
673.9380267	0.0
674.0617482	0.0
674.1854796	0.0
674.3092207	0.0
674.4329718	0.0
674.5567327	0.0
674.6805035	0.0
674.8042841	0.0
674.9280746	0.0
675.051875	0.0
675.1756853	0.0
675.2995055	0.0
675.4233355	0.0
675.5471755	0.0
675.6710254	0.0
675.7948851	0.0
675.9187548	0.0
676.0426344	0.0
676.1665239	0.0
676.2904234	0.0
676.4143328	0.0
676.5382521	0.0
676.6621813	0.0
676.7861205	0.0
676.9100696	0.0
677.0340287	0.0
677.1579977	0.0
677.2819767	0.0
677.4059657	0.0
677.5299646	0.0
677.6539735	0.0
677.7779924	0.0
677.9020213	0.0
678.0260601	0.0
678.150109	0.0
678.2741678	0.0
678.3982366	0.0
678.5223155	0.0
678.6464043	0.0
678.7705032	0.0
678.894612	0.0
679.0187309	0.0
679.1428599	0.0
679.2669988	0.0
679.3911478	0.0
679.5153068	0.0
679.6394759	0.0
679.763655	0.0
679.8878442	0.0
680.0120434	0.0
680.1362527	0.0
680.2604721	0.0
680.3847015	0.0
680.508941	0.0
680.6331906	0.0
680.7574503	0.0
680.88172	0.0
681.0059999	0.0
681.1302898	0.0
681.2545899	0.0
681.3789	0.0
681.5032203	0.0
681.6275507	0.0
681.7518912	0.0
681.8762418	0.0
682.0006025	0.0
682.1249734	0.0
682.2493544	0.0
682.3737456	0.0
682.4981469	0.0
682.6225583	0.0
682.74698	0.0
682.8714117	0.0
682.9958537	0.0
683.1203058	0.0
683.244768	0.0
683.3692405	0.0
683.4937231	0.0
683.6182159	0.0
683.7427189	0.0
683.8672321	0.0
683.9917555	0.0
684.1162891	0.0
684.2408329	0.0
684.3653869	0.0
684.4899512	0.0
684.6145256	0.0
684.7391103	0.0
684.8637052	0.0
684.9883104	0.0
685.1129258	0.0
685.2375514	0.0
685.3621873	0.0
685.4868334	0.0
685.6114898	0.0
685.7361564	0.0
685.8608333	0.0
685.9855205	0.0
686.110218	0.0
686.2349257	0.0
686.3596437	0.0
686.484372	0.0
686.6091106	0.0
686.7338595	0.0
686.8586187	0.0
686.9833882	0.0
687.108168	0.0
687.2329581	0.0
687.3577585	0.0
687.4825693	0.0
687.6073904	0.0
687.7322218	0.0
687.8570636	0.0
687.9819157	0.0
688.1067781	0.0
688.2316509	0.0
688.356534	0.0
688.4814275	0.0
688.6063314	0.0
688.7312456	0.0
688.8561702	0.0
688.9811052	0.0
689.1060506	0.0
689.2310063	0.0
689.3559724	0.0
689.480949	0.0
689.6059359	0.0
689.7309332	0.0
689.8559409	0.0
689.9809591	0.0
690.1059876	0.0
690.2310266	0.0
690.356076	0.0
690.4811359	0.0
690.6062061	0.0
690.7312868	0.0
690.856378	0.0
690.9814796	0.0
691.1065916	0.0
691.2317141	0.0
691.3568471	0.0
691.4819905	0.0
691.6071444	0.0
691.7323087	0.0
691.8574836	0.0
691.9826689	0.0
692.1078647	0.0
692.233071	0.0
692.3582878	0.0
692.4835151	0.0
692.6087529	0.0
692.7340012	0.0
692.8592601	0.0
692.9845294	0.0
693.1098093	0.0
693.2350997	0.0
693.3604006	0.0
693.485712	0.0
693.611034	0.0
693.7363666	0.0
693.8617096	0.0
693.9870633	0.0
694.1124275	0.0
694.2378022	0.0
694.3631876	0.0
694.4885835	0.0
694.6139899	0.0
694.739407	0.0
694.8648346	0.0
694.9902728	0.0
695.1157217	0.0
695.2411811	0.0
695.3666511	0.0
695.4921317	0.0
695.6176229	0.0
695.7431248	0.0
695.8686372	0.0
695.9941603	0.0
696.119694	0.0
696.2452384	0.0
696.3707934	0.0
696.496359	0.0
696.6219353	0.0
696.7475222	0.0
696.8731198	0.0
696.998728	0.0
697.1243469	0.0
697.2499765	0.0
697.3756167	0.0
697.5012676	0.0
697.6269292	0.0
697.7526015	0.0
697.8782845	0.0
698.0039782	0.0
698.1296825	0.0
698.2553976	0.0
698.3811234	0.0
698.5068599	0.0
698.6326071	0.0
698.758365	0.0
698.8841337	0.0
699.0099131	0.0
699.1357032	0.0
699.261504	0.0
699.3873156	0.0
699.513138	0.0
699.6389711	0.0
699.7648149	0.0
699.8906696	0.0
700.0165349	0.0
700.1424111	0.0
700.268298	0.0
700.3941957	0.0
700.5201042	0.0
700.6460235	0.0
700.7719536	0.0
700.8978944	0.0
701.0238461	0.0
701.1498086	0.0
701.2757818	0.0
701.4017659	0.0
701.5277608	0.0
701.6537666	0.0
701.7797831	0.0
701.9058105	0.0
702.0318488	0.0
702.1578978	0.0
702.2839577	0.0
702.4100285	0.0
702.5361101	0.0
702.6622026	0.0
702.788306	0.0
702.9144202	0.0
703.0405452	0.0
703.1666812	0.0
703.292828	0.0
703.4189857	0.0
703.5451544	0.0
703.6713339	0.0
703.7975243	0.0
703.9237256	0.0
704.0499378	0.0
704.1761609	0.0
704.3023949	0.0
704.4286399	0.0
704.5548958	0.0
704.6811626	0.0
704.8074403	0.0
704.933729	0.0
705.0600286	0.0
705.1863392	0.0
705.3126607	0.0
705.4389932	0.0
705.5653367	0.0
705.6916911	0.0
705.8180564	0.0
705.9444328	0.0
706.0708201	0.0
706.1972184	0.0
706.3236277	0.0
706.450048	0.0
706.5764793	0.0
706.7029216	0.0
706.8293748	0.0
706.9558391	0.0
707.0823144	0.0
707.2088008	0.0
707.3352981	0.0
707.4618065	0.0
707.5883259	0.0
707.7148563	0.0
707.8413978	0.0
707.9679503	0.0
708.0945139	0.0
708.2210885	0.0
708.3476742	0.0
708.4742709	0.0
708.6008788	0.0
708.7274976	0.0
708.8541276	0.0
708.9807686	0.0
709.1074207	0.0
709.234084	0.0
709.3607583	0.0
709.4874436	0.0
709.6141401	0.0
709.7408478	0.0
709.8675665	0.0
709.9942963	0.0
710.1210373	0.0
710.2477893	0.0
710.3745525	0.0
710.5013269	0.0
710.6281123	0.0
710.754909	0.0
710.8817167	0.0
711.0085356	0.0
711.1353657	0.0
711.2622069	0.0
711.3890593	0.0
711.5159229	0.0
711.6427976	0.0
711.7696835	0.0
711.8965806	0.0
712.0234889	0.0
712.1504083	0.0
712.277339	0.0
712.4042808	0.0
712.5312339	0.0
712.6581982	0.0
712.7851736	0.0
712.9121603	0.0
713.0391583	0.0
713.1661674	0.0
713.2931878	0.0
713.4202194	0.0
713.5472622	0.0
713.6743163	0.0
713.8013817	0.0
713.9284583	0.0
714.0555461	0.0
714.1826452	0.0
714.3097556	0.0
714.4368772	0.0
714.5640102	0.0
714.6911544	0.0
714.8183098	0.0
714.9454766	0.0
715.0726547	0.0
715.199844	0.0
715.3270447	0.0
715.4542567	0.0
715.5814799	0.0
715.7087145	0.0
715.8359604	0.0
715.9632177	0.0
716.0904862	0.0
716.2177661	0.0
716.3450573	0.0
716.4723599	0.0
716.5996738	0.0
716.7269991	0.0
716.8543357	0.0
716.9816837	0.0
717.109043	0.0
717.2364137	0.0
717.3637958	0.0
717.4911892	0.0
717.618594	0.0
717.7460103	0.0
717.8734379	0.0
718.0008769	0.0
718.1283273	0.0
718.2557891	0.0
718.3832623	0.0
718.5107469	0.0
718.6382429	0.0
718.7657504	0.0
718.8932693	0.0
719.0207996	0.0
719.1483413	0.0
719.2758945	0.0
719.4034591	0.0
719.5310352	0.0
719.6586227	0.0
719.7862217	0.0
719.9138321	0.0
720.0414541	0.0
720.1690874	0.0
720.2967323	0.0
720.4243886	0.0
720.5520564	0.0
720.6797357	0.0
720.8074265	0.0
720.9351288	0.0
721.0628425	0.0
721.1905678	0.0
721.3183046	0.0
721.4460529	0.0
721.5738128	0.0
721.7015841	0.0
721.829367	0.0
721.9571614	0.0
722.0849673	0.0
722.2127848	0.0
722.3406138	0.0
722.4684544	0.0
722.5963065	0.0
722.7241702	0.0
722.8520455	0.0
722.9799323	0.0
723.1078307	0.0
723.2357406	0.0
723.3636622	0.0
723.4915953	0.0
723.61954	0.0
723.7474963	0.0
723.8754642	0.0
724.0034437	0.0
724.1314348	0.0
724.2594375	0.0
724.3874519	0.0
724.5154778	0.0
724.6435154	0.0
724.7715646	0.0
724.8996255	0.0
725.0276979	0.0
725.1557821	0.0
725.2838778	0.0
725.4119852	0.0
725.5401043	0.0
725.668235	0.0
725.7963774	0.0
725.9245315	0.0
726.0526972	0.0
726.1808747	0.0
726.3090637	0.0
726.4372645	0.0
726.565477	0.0
726.6937012	0.0
726.821937	0.0
726.9501846	0.0
727.0784439	0.0
727.2067149	0.0
727.3349976	0.0
727.463292	0.0
727.5915982	0.0
727.719916	0.0
727.8482457	0.0
727.976587	0.0
728.1049401	0.0
728.233305	0.0
728.3616816	0.0
728.4900699	0.0
728.6184701	0.0
728.7468819	0.0
728.8753056	0.0
729.003741	0.0
729.1321882	0.0
729.2606472	0.0
729.389118	0.0
729.5176006	0.0
729.646095	0.0
729.7746011	0.0
729.9031191	0.0
730.0316489	0.0
730.1601905	0.0
730.2887439	0.0
730.4173091	0.0
730.5458862	0.0
730.6744751	0.0
730.8030759	0.0
730.9316884	0.0
731.0603129	0.0
731.1889491	0.0
731.3175973	0.0
731.4462573	0.0
731.5749291	0.0
731.7036128	0.0
731.8323084	0.0
731.9610159	0.0
732.0897352	0.0
732.2184665	0.0
732.3472096	0.0
732.4759646	0.0
732.6047315	0.0
732.7335103	0.0
732.8623011	0.0
732.9911037	0.0
733.1199182	0.0
733.2487447	0.0
733.3775831	0.0
733.5064334	0.0
733.6352957	0.0
733.7641699	0.0
733.893056	0.0
734.0219541	0.0
734.1508642	0.0
734.2797862	0.0
734.4087201	0.0
734.537666	0.0
734.6666239	0.0
734.7955938	0.0
734.9245756	0.0
735.0535695	0.0
735.1825753	0.0
735.3115931	0.0
735.4406229	0.0
735.5696647	0.0
735.6987185	0.0
735.8277843	0.0
735.9568621	0.0
736.085952	0.0
736.2150538	0.0
736.3441677	0.0
736.4732937	0.0
736.6024316	0.0
736.7315816	0.0
736.8607437	0.0
736.9899178	0.0
737.1191039	0.0
737.2483021	0.0
737.3775124	0.0
737.5067347	0.0
737.6359691	0.0
737.7652156	0.0
737.8944742	0.0
738.0237448	0.0
738.1530276	0.0
738.2823224	0.0
738.4116293	0.0
738.5409483	0.0
738.6702795	0.0
738.7996227	0.0
738.9289781	0.0
739.0583456	0.0
739.1877252	0.0
739.3171169	0.0
739.4465208	0.0
739.5759368	0.0
739.7053649	0.0
739.8348052	0.0
739.9642576	0.0
740.0937222	0.0
740.223199	0.0
740.3526879	0.0
740.482189	0.0
740.6117023	0.0
740.7412277	0.0
740.8707653	0.0
741.0003151	0.0
741.1298771	0.0
741.2594513	0.0
741.3890377	0.0
741.5186363	0.0
741.6482471	0.0
741.7778702	0.0
741.9075054	0.0
742.0371528	0.0
742.1668125	0.0
742.2964844	0.0
742.4261686	0.0
742.555865	0.0
742.6855736	0.0
742.8152945	0.0
742.9450276	0.0
743.074773	0.0
743.2045306	0.0
743.3343006	0.0
743.4640828	0.0
743.5938772	0.0
743.723684	0.0
743.853503	0.0
743.9833343	0.0
744.1131779	0.0
744.2430338	0.0
744.372902	0.0
744.5027825	0.0
744.6326753	0.0
744.7625804	0.0
744.8924979	0.0
745.0224277	0.0
745.1523698	0.0
745.2823242	0.0
745.412291	0.0
745.5422701	0.0
745.6722615	0.0
745.8022654	0.0
745.9322815	0.0
746.06231	0.0
746.1923509	0.0
746.3224042	0.0
746.4524698	0.0
746.5825478	0.0
746.7126382	0.0
746.8427409	0.0
746.9728561	0.0
