Wavelength (nm)	% Transmission
271	0.00093732
271.2	0.00086045
271.4	0.00078989
271.6	0.00072512
271.8	0.00066565
272	0.00061107
272.2	0.00056096
272.4	0.00051496
272.6	0.00047273
272.8	0.00043396
273	0.00039838
273.2	0.00036571
273.4	0.00034593
273.6	0.00036073
273.8	0.00037617
274	0.00039227
274.2	0.00040905
274.4	0.00042656
274.6	0.00044481
274.8	0.00046385
275	0.00048370
275.2	0.00050440
275.4	0.00052599
275.6	0.00054850
275.8	0.00057197
276	0.00059645
276.2	0.00075175
276.4	0.00094749
276.6	0.00104780
276.8	0.00097085
277	0.00089954
277.2	0.00083347
277.4	0.00077225
277.6	0.00071552
277.8	0.00066297
278	0.00061427
278.2	0.00056915
278.4	0.00052735
278.6	0.00048862
278.8	0.00045273
279	0.00041947
279.2	0.00038866
279.4	0.00036011
279.6	0.00033908
279.8	0.00036365
280	0.00039001
280.2	0.00041828
280.4	0.00044859
280.6	0.00048111
280.8	0.00051598
281	0.00055338
281.2	0.00059349
281.4	0.00063650
281.6	0.00068264
281.8	0.00073211
282	0.00078518
282.2	0.00084209
282.4	0.00090312
282.6	0.00096858
282.8	0.00085581
283	0.00071931
283.2	0.00060458
283.4	0.00050816
283.6	0.00042711
283.8	0.00035899
284	0.00030173
284.2	0.00025361
284.4	0.00021316
284.6	0.00017916
284.8	0.00015058
285	0.00012657
285.2	0.00010638
285.4	0.00008941
285.6	0.00007515
285.8	0.00006823
286	0.00006711
286.2	0.00006602
286.4	0.00006494
286.6	0.00006388
286.8	0.00006284
287	0.00006182
287.2	0.00006081
287.4	0.00005982
287.6	0.00005884
287.8	0.00005788
288	0.00005694
288.2	0.00005601
288.4	0.00005509
288.6	0.00005419
288.8	0.00005329
289	0.00005232
289.2	0.00005137
289.4	0.00005043
289.6	0.00004951
289.8	0.00004861
290	0.00004772
290.2	0.00004686
290.4	0.00004600
290.6	0.00004516
290.8	0.00004434
291	0.00004353
291.2	0.00004274
291.4	0.00004196
291.6	0.00004120
291.8	0.00004045
292	0.00004123
292.2	0.00004223
292.4	0.00004326
292.6	0.00004430
292.8	0.00004538
293	0.00004648
293.2	0.00004760
293.4	0.00004876
293.6	0.00004994
293.8	0.00005115
294	0.00005239
294.2	0.00005366
294.4	0.00005496
294.6	0.00005629
294.8	0.00005765
295	0.00005108
295.2	0.00004109
295.4	0.00003305
295.6	0.00002659
295.8	0.00002139
296	0.00001721
296.2	0.00001698
296.4	0.00001676
296.6	0.00001654
296.8	0.00001633
297	0.00001611
297.2	0.00001590
297.4	0.00001570
297.6	0.00001549
297.8	0.00001529
298	0.00001509
298.2	0.00001490
298.4	0.00001472
298.6	0.00001454
298.8	0.00001437
299	0.00001420
299.2	0.00001403
299.4	0.00001386
299.6	0.00001370
299.8	0.00001353
300	0.00001337
300.2	0.00001321
300.4	0.00001305
300.6	0.00001290
300.8	0.00001274
301	0.00001259
301.2	0.00001244
301.4	0.00001418
301.6	0.00001678
301.8	0.00001986
302	0.00002351
302.2	0.00002783
302.4	0.00003293
302.6	0.00003898
302.8	0.00004614
303	0.00005461
303.2	0.00006463
303.4	0.00007650
303.6	0.00009054
303.8	0.00010716
304	0.00012684
304.2	0.00015013
304.4	0.00015428
304.6	0.00013806
304.8	0.00012354
305	0.00011054
305.2	0.00009892
305.4	0.00008851
305.6	0.00007920
305.8	0.00007087
306	0.00006342
306.2	0.00003431
306.4	0.00003120
306.6	0.00002838
306.8	0.00002581
307	0.00002347
307.2	0.00002134
307.4	0.00001941
307.6	0.00001765
307.8	0.00001605
308	0.00001460
308.2	0.00001327
308.4	0.00001207
308.6	0.00001098
308.8	0.00000998
309	0.00000908
309.2	0.00000835
309.4	0.00000835
309.6	0.00000835
309.8	0.00000835
310	0.00000835
310.2	0.00000835
310.4	0.00000835
310.6	0.00000835
310.8	0.00000835
311	0.00000836
311.2	0.00000836
311.4	0.00000836
311.6	0.00000836
311.8	0.00000836
312	0.00000836
312.2	0.00000836
312.4	0.00000831
312.6	0.00000826
312.8	0.00000820
313	0.00000814
313.2	0.00000808
313.4	0.00000802
313.6	0.00000796
313.8	0.00000791
314	0.00000785
314.2	0.00000779
314.4	0.00000774
314.6	0.00000768
314.8	0.00000763
315	0.00000757
315.2	0.00000752
315.4	0.00000790
315.6	0.00000884
315.8	0.00000990
316	0.00001108
316.2	0.00001240
316.4	0.00001388
316.6	0.00001554
316.8	0.00001740
317	0.00001947
317.2	0.00002180
317.4	0.00002440
317.6	0.00002731
317.8	0.00003058
318	0.00003423
318.2	0.00003831
318.4	0.00004136
318.6	0.00003665
318.8	0.00003247
319	0.00002877
319.2	0.00002549
319.4	0.00002259
319.6	0.00002001
319.8	0.00001773
320	0.00001571
320.2	0.00001392
320.4	0.00001233
320.6	0.00001093
320.8	0.00000968
321	0.00000858
321.2	0.00000760
321.4	0.00000673
321.6	0.00000660
321.8	0.00000659
322	0.00000658
322.2	0.00000658
322.4	0.00000657
322.6	0.00000656
322.8	0.00000655
323	0.00000654
323.2	0.00000653
323.4	0.00000652
323.6	0.00000651
323.8	0.00000651
324	0.00000650
324.2	0.00000649
324.4	0.00000648
324.6	0.00000692
324.8	0.00000781
325	0.00000883
325.2	0.00000998
325.4	0.00001127
325.6	0.00001273
325.8	0.00001439
326	0.00001626
326.2	0.00001837
326.4	0.00002075
326.6	0.00002344
326.8	0.00002649
327	0.00002993
327.2	0.00003381
327.4	0.00003820
327.6	0.00004043
327.8	0.00003481
328	0.00002997
328.2	0.00002581
328.4	0.00002222
328.6	0.00001913
328.8	0.00001647
329	0.00001418
329.2	0.00001221
329.4	0.00001051
329.6	0.00000905
329.8	0.00000779
330	0.00000671
330.2	0.00000578
330.4	0.00000497
330.6	0.00000428
330.8	0.00000421
331	0.00000417
331.2	0.00000412
331.4	0.00000408
331.6	0.00000404
331.8	0.00000400
332	0.00000396
332.2	0.00000392
332.4	0.00000388
332.6	0.00000384
332.8	0.00000380
333	0.00000376
333.2	0.00000372
333.4	0.00000368
333.6	0.00000365
333.8	0.00000409
334	0.00000490
334.2	0.00000587
334.4	0.00000703
334.6	0.00000841
334.8	0.00001008
335	0.00001206
335.2	0.00001445
335.4	0.00001730
335.6	0.00002071
335.8	0.00002480
336	0.00002970
336.2	0.00003557
336.4	0.00004259
336.6	0.00005100
336.8	0.00005673
337	0.00005594
337.2	0.00005517
337.4	0.00005441
337.6	0.00005366
337.8	0.00005291
338	0.00005218
338.2	0.00005146
338.4	0.00005075
338.6	0.00005005
338.8	0.00004936
339	0.00004868
339.2	0.00004800
339.4	0.00004734
339.6	0.00004669
339.8	0.00004563
340	0.00004111
340.2	0.00003705
340.4	0.00003338
340.6	0.00003008
340.8	0.00002710
341	0.00002442
341.2	0.00002201
341.4	0.00001983
341.6	0.00001787
341.8	0.00001610
342	0.00001451
342.2	0.00001307
342.4	0.00001178
342.6	0.00001061
342.8	0.00000956
343	0.00000867
343.2	0.00000786
343.4	0.00000714
343.6	0.00000647
343.8	0.00000587
344	0.00000533
344.2	0.00000484
344.4	0.00000439
344.6	0.00000398
344.8	0.00000361
345	0.00000328
345.2	0.00000297
345.4	0.00000270
345.6	0.00000245
345.8	0.00000222
346	0.00000226
346.2	0.00000250
346.4	0.00000278
346.6	0.00000308
346.8	0.00000342
347	0.00000380
347.2	0.00000421
347.4	0.00000467
347.6	0.00000519
347.8	0.00000576
348	0.00000639
348.2	0.00000709
348.4	0.00000787
348.6	0.00000873
348.8	0.00000969
349	0.00001046
349.2	0.00001059
349.4	0.00001072
349.6	0.00001086
349.8	0.00001100
350	0.00001113
350.2	0.00001128
350.4	0.00001142
350.6	0.00001156
350.8	0.00001171
351	0.00001186
351.2	0.00001201
351.4	0.00001216
351.6	0.00001231
351.8	0.00001247
352	0.00001266
352.2	0.00001372
352.4	0.00001486
352.6	0.00001611
352.8	0.00001745
353	0.00001891
353.2	0.00002049
353.4	0.00002220
353.6	0.00002405
353.8	0.00002606
354	0.00002823
354.2	0.00003059
354.4	0.00003314
354.6	0.00003591
354.8	0.00003891
355	0.00004215
355.2	0.00003867
355.4	0.00003395
355.6	0.00002980
355.8	0.00002615
356	0.00002296
356.2	0.00002015
356.4	0.00001769
356.6	0.00001552
356.8	0.00001363
357	0.00001196
357.2	0.00001050
357.4	0.00000921
357.6	0.00000809
357.8	0.00000710
358	0.00000623
358.2	0.00000607
358.4	0.00000645
358.6	0.00000685
358.8	0.00000727
359	0.00000772
359.2	0.00000820
359.4	0.00000871
359.6	0.00000925
359.8	0.00000983
360	0.00001044
360.2	0.00001109
360.4	0.00001178
360.6	0.00001251
360.8	0.00001329
361	0.00001411
361.2	0.00001503
361.4	0.00001610
361.6	0.00001725
361.8	0.00001848
362	0.00001980
362.2	0.00002121
362.4	0.00002272
362.6	0.00002434
362.8	0.00002608
363	0.00002794
363.2	0.00002993
363.4	0.00003207
363.6	0.00003436
363.8	0.00003681
364	0.00003943
364.2	0.00004282
364.4	0.00005559
364.6	0.00007218
364.8	0.00009371
365	0.00012167
365.2	0.00015797
365.4	0.00020510
365.6	0.00026630
365.8	0.00034574
366	0.00044890
366.2	0.00050562
366.4	0.00056950
366.6	0.00064146
366.8	0.00072251
367	0.00081380
367.2	0.00083244
367.4	0.00082735
367.6	0.00082229
367.8	0.00081727
368	0.00081227
368.2	0.00080730
368.4	0.00080237
368.6	0.00079746
368.8	0.00079448
369	0.00079652
369.2	0.00079856
369.4	0.00080060
369.6	0.00080265
369.8	0.00080471
370	0.00080677
370.2	0.00080883
370.4	0.00081091
370.6	0.00081133
370.8	0.00081131
371	0.00081129
371.2	0.00081127
371.4	0.00081125
371.6	0.00081122
371.8	0.00081120
372	0.00081118
372.2	0.00081210
372.4	0.00081530
372.6	0.00081850
372.8	0.00082172
373	0.00082495
373.2	0.00082819
373.4	0.00083144
373.6	0.00083471
373.8	0.00083799
374	0.00083601
374.2	0.00083280
374.4	0.00082960
374.6	0.00082641
374.8	0.00082324
375	0.00082008
375.2	0.00081693
375.4	0.00081380
375.6	0.00081001
375.8	0.00080488
376	0.00079979
376.2	0.00079472
376.4	0.00078969
376.6	0.00078469
376.8	0.00077972
377	0.00077478
377.2	0.00076988
377.4	0.00078723
377.6	0.00080938
377.8	0.00083215
378	0.00085556
378.2	0.00087962
378.4	0.00090437
378.6	0.00092981
378.8	0.00095597
379	0.00098884
379.2	0.00103420
379.4	0.00108160
379.6	0.00113120
379.8	0.00118300
380	0.00123730
380.2	0.00129400
380.4	0.00135330
380.6	0.00141540
380.8	0.00145900
381	0.00150100
381.2	0.00154410
381.4	0.00158850
381.6	0.00163410
381.8	0.00168110
382	0.00172940
382.2	0.00177910
382.4	0.00181940
382.6	0.00184420
382.8	0.00186940
383	0.00189480
383.2	0.00192070
383.4	0.00194680
383.6	0.00197340
383.8	0.00200030
384	0.00202750
384.2	0.00205830
384.4	0.00208990
384.6	0.00212190
384.8	0.00215440
385	0.00218740
385.2	0.00222100
385.4	0.00225500
385.6	0.00228960
385.8	0.00232830
386	0.00237250
386.2	0.00241750
386.4	0.00246330
386.6	0.00251000
386.8	0.00255760
387	0.00260610
387.2	0.00265550
387.4	0.00270590
387.6	0.00274270
387.8	0.00277950
388	0.00281690
388.2	0.00285470
388.4	0.00289300
388.6	0.00293190
388.8	0.00297130
389	0.00301120
389.2	0.00308820
389.4	0.00320590
389.6	0.00332810
389.8	0.00345490
390	0.00358660
390.2	0.00372320
390.4	0.00386510
390.6	0.00401240
390.8	0.00416390
391	0.00426090
391.2	0.00436030
391.4	0.00446200
391.6	0.00456600
391.8	0.00467250
392	0.00478140
392.2	0.00489290
392.4	0.00500700
392.6	0.00506860
392.8	0.00508680
393	0.00510500
393.2	0.00512330
393.4	0.00514160
393.6	0.00516010
393.8	0.00517850
394	0.00519710
394.2	0.00521140
394.4	0.00518210
394.6	0.00515300
394.8	0.00512410
395	0.00509530
395.2	0.00506670
395.4	0.00503830
395.6	0.00501000
395.8	0.00498190
396	0.00492820
396.2	0.00486000
396.4	0.00479270
396.6	0.00472630
396.8	0.00466090
397	0.00459630
397.2	0.00453270
397.4	0.00446990
397.6	0.00440460
397.8	0.00432210
398	0.00424130
398.2	0.00416190
398.4	0.00408400
398.6	0.00400760
398.8	0.00393260
399	0.00385900
399.2	0.00378680
399.4	0.00371020
399.6	0.00363260
399.8	0.00355670
400	0.00348230
400.2	0.00340950
400.4	0.00333820
400.6	0.00326840
400.8	0.00320010
401	0.00016890
401.2	0.00032533
401.4	0.00015211
401.6	0.00008509
401.8	0.00010248
402	0.00007361
402.2	0.00028736
402.4	0.00011681
402.6	0.00019741
402.8	0.00010179
403	0.00008952
403.2	0.00009906
403.4	0.00012861
403.6	0.00013416
403.8	0.00021059
404	0.00020539
404.2	0.00017327
404.4	0.00008122
404.6	0.00008812
404.8	0.00012107
405	0.00007022
405.2	0.00022590
405.4	0.00006966
405.6	0.00006825
405.8	0.00006742
406	0.00009251
406.2	0.00022855
406.4	0.00020099
406.6	0.00012864
406.8	0.00007485
407	0.00009445
407.2	0.00007528
407.4	0.00014946
407.6	0.00019311
407.8	0.00030162
408	0.00013364
408.2	0.00008558
408.4	0.00019298
408.6	0.00019044
408.8	0.00014232
409	0.00024833
409.2	0.00006338
409.4	0.00020916
409.6	0.00017700
409.8	0.00018291
410	0.00011658
410.2	0.00010101
410.4	0.00017169
410.6	0.00012023
410.8	0.00015458
411	0.00021500
411.2	0.00013363
411.4	0.00016770
411.6	0.00017995
411.8	0.00025681
412	0.00029291
412.2	0.00024497
412.4	0.00035896
412.6	0.00029729
412.8	0.00007467
413	0.00028308
413.2	0.00009423
413.4	0.00023268
413.6	0.00024923
413.8	0.00020407
414	0.00011776
414.2	0.00010484
414.4	0.00017196
414.6	0.00034509
414.8	0.00006289
415	0.00013904
415.2	0.00025940
415.4	0.00009995
415.6	0.00012970
415.8	0.00028618
416	0.00022030
416.2	0.00022467
416.4	0.00012550
416.6	0.00008021
416.8	0.00012607
417	0.00016280
417.2	0.00012469
417.4	0.00021975
417.6	0.00028076
417.8	0.00022492
418	0.00022159
418.2	0.00024612
418.4	0.00006055
418.6	0.00009323
418.8	0.00007174
419	0.00037815
419.2	0.00025390
419.4	0.00012261
419.6	0.00008169
419.8	0.00032867
420	0.00034906
420.2	0.00033848
420.4	0.00016047
420.6	0.00024854
420.8	0.00007751
421	0.00016191
421.2	0.00011150
421.4	0.00005375
421.6	0.00012248
421.8	0.00015745
422	0.00031796
422.2	0.00017485
422.4	0.00023977
422.6	0.00005332
422.8	0.00006695
423	0.00028457
423.2	0.00010933
423.4	0.00017712
423.6	0.00014356
423.8	0.00010633
424	0.00027352
424.2	0.00019689
424.4	0.00017604
424.6	0.00010842
424.8	0.00018413
425	0.00011955
425.2	0.00015807
425.4	0.00015642
425.6	0.00007717
425.8	0.00029412
426	0.00005140
426.2	0.00016353
426.4	0.00023134
426.6	0.00017719
426.8	0.00033181
427	0.00027778
427.2	0.00023872
427.4	0.00005116
427.6	0.00020866
427.8	0.00016038
428	0.00028135
428.2	0.00015467
428.4	0.00016479
428.6	0.00017806
428.8	0.00005150
429	0.00024378
429.2	0.00006038
429.4	0.00015534
429.6	0.00022870
429.8	0.00015308
430	0.00008804
430.2	0.00025970
430.4	0.00021095
430.6	0.00021202
430.8	0.00012506
431	0.00016096
431.2	0.00012251
431.4	0.00028118
431.6	0.00020723
431.8	0.00023722
432	0.00016585
432.2	0.00011539
432.4	0.00006307
432.6	0.00012591
432.8	0.00023165
433	0.00039681
433.2	0.00027071
433.4	0.00012692
433.6	0.00020605
433.8	0.00031459
434	0.00017475
434.2	0.00018114
434.4	0.00020171
434.6	0.00038324
434.8	0.00018838
435	0.00027937
435.2	0.00035735
435.4	0.00017401
435.6	0.00034435
435.8	0.00030245
436	0.00002806
436.2	0.00001087
436.4	0.00002850
436.6	0.00004041
436.8	0.00003850
437	0.00002442
437.2	0.00000591
437.4	0.00001128
437.6	0.00001533
437.8	0.00002224
438	0.00001279
438.2	0.00000622
438.4	0.00001031
438.6	0.00000594
438.8	0.00000869
439	0.00001385
439.2	0.00002268
439.4	0.00002189
439.6	0.00000960
439.8	0.00000554
440	0.00001586
440.2	0.00001200
440.4	0.00000588
440.6	0.00000516
440.8	0.00000514
441	0.00000513
441.2	0.00001506
441.4	0.00001734
441.6	0.00001816
441.8	0.00001269
442	0.00000624
442.2	0.00001015
442.4	0.00001012
442.6	0.00001009
442.8	0.00000735
443	0.00000786
443.2	0.00002236
443.4	0.00001560
443.6	0.00000522
443.8	0.00000498
444	0.00000497
444.2	0.00000496
444.4	0.00000523
444.6	0.00000680
444.8	0.00000495
445	0.00000493
445.2	0.00000491
445.4	0.00000790
445.6	0.00001145
445.8	0.00000502
446	0.00002192
446.2	0.00001022
446.4	0.00000580
446.6	0.00001469
446.8	0.00002810
447	0.00001443
447.2	0.00001439
447.4	0.00001957
447.6	0.00000644
447.8	0.00000739
448	0.00001398
448.2	0.00001694
448.4	0.00000473
448.6	0.00000472
448.8	0.00000537
449	0.00001030
449.2	0.00001141
449.4	0.00001057
449.6	0.00001436
449.8	0.00001796
450	0.00000726
450.2	0.00000699
450.4	0.00001340
450.6	0.00002143
450.8	0.00002063
451	0.00000502
451.2	0.00000456
451.4	0.00000455
451.6	0.00000714
451.8	0.00001433
452	0.00001355
452.2	0.00001270
452.4	0.00000531
452.6	0.00000446
452.8	0.00000804
453	0.00001741
453.2	0.00001274
453.4	0.00000484
453.6	0.00000834
453.8	0.00001438
454	0.00002627
454.2	0.00002086
454.4	0.00000461
454.6	0.00000829
454.8	0.00002078
455	0.00000580
455.2	0.00000431
455.4	0.00000430
455.6	0.00000429
455.8	0.00000427
456	0.00000874
456.2	0.00001912
456.4	0.00001827
456.6	0.00000883
456.8	0.00000422
457	0.00000421
457.2	0.00000419
457.4	0.00001080
457.6	0.00000582
457.8	0.00000624
458	0.00000967
458.2	0.00001243
458.4	0.00001239
458.6	0.00002068
458.8	0.00002193
459	0.00001793
459.2	0.00001638
459.4	0.00001359
459.6	0.00000782
459.8	0.00000450
460	0.00000630
460.2	0.00000861
460.4	0.00000638
460.6	0.00000644
460.8	0.00001336
461	0.00000445
461.2	0.00001588
461.4	0.00002344
461.6	0.00001838
461.8	0.00001465
462	0.00000937
462.2	0.00000393
462.4	0.00000392
462.6	0.00001002
462.8	0.00001062
463	0.00000440
463.2	0.00000654
463.4	0.00000388
463.6	0.00000387
463.8	0.00001504
464	0.00001036
464.2	0.00000383
464.4	0.00000417
464.6	0.00001041
464.8	0.00000385
465	0.00000380
465.2	0.00000837
465.4	0.00000910
465.6	0.00000465
465.8	0.00001394
466	0.00000974
466.2	0.00000434
466.4	0.00000585
466.6	0.00000546
466.8	0.00000434
467	0.00000724
467.2	0.00000417
467.4	0.00000473
467.6	0.00000410
467.8	0.00000850
468	0.00001091
468.2	0.00000362
468.4	0.00000360
468.6	0.00000359
468.8	0.00000706
469	0.00001770
469.2	0.00001962
469.4	0.00001492
469.6	0.00001734
469.8	0.00000484
470	0.00000351
470.2	0.00000528
470.4	0.00000940
470.6	0.00001052
470.8	0.00001119
471	0.00001926
471.2	0.00000616
471.4	0.00000345
471.6	0.00000512
471.8	0.00000811
472	0.00000453
472.2	0.00001024
472.4	0.00001020
472.6	0.00000788
472.8	0.00000904
473	0.00001091
473.2	0.00000600
473.4	0.00000598
473.6	0.00000344
473.8	0.00000758
474	0.00000548
474.2	0.00000475
474.4	0.00000993
474.6	0.00001135
474.8	0.00002556
475	0.00002027
475.2	0.00000588
475.4	0.00000611
475.6	0.00001080
475.8	0.00000674
476	0.00001626
476.2	0.00001281
476.4	0.00001754
476.6	0.00001271
476.8	0.00001145
477	0.00001572
477.2	0.00001568
477.4	0.00001096
477.6	0.00001493
477.8	0.00001083
478	0.00000538
478.2	0.00000580
478.4	0.00002704
478.6	0.00002207
478.8	0.00001343
479	0.00000406
479.2	0.00001012
479.4	0.00001979
479.6	0.00002076
479.8	0.00003574
480	0.00003334
480.2	0.00004222
480.4	0.00005919
480.6	0.00006816
480.8	0.00006828
481	0.00006551
481.2	0.00007217
481.4	0.00008683
481.6	0.00010013
481.8	0.00010590
482	0.00011428
482.2	0.00013024
482.4	0.00015157
482.6	0.00016211
482.8	0.00018483
483	0.00023007
483.2	0.00029962
483.4	0.00041129
483.6	0.00059423
483.8	0.00083686
484	0.00132070
484.2	0.00211560
484.4	0.00364900
484.6	0.00671960
484.8	0.01213700
485	0.02248400
485.2	0.04101700
485.4	0.07107300
485.6	0.11400000
485.8	0.17100000
486	0.27000000
486.2	0.39400000
486.4	0.60400000
486.6	0.99400000
486.8	1.77100000
487	3.46500000
487.2	7.45700000
487.4	15.60000000
487.6	33.60000000
487.8	59.60000000
488	79.50000000
488.2	87.60000000
488.4	90.00000000
488.6	90.70000000
488.8	91.10000000
489	90.90000000
489.2	90.60000000
489.4	90.80000000
489.6	91.50000000
489.8	92.30000000
490	92.90000000
490.2	93.20000000
490.4	93.20000000
490.6	93.20000000
490.8	93.20000000
491	93.10000000
491.2	93.30000000
491.4	93.50000000
491.6	93.60000000
491.8	93.70000000
492	93.70000000
492.2	93.70000000
492.4	93.60000000
492.6	93.50000000
492.8	93.50000000
493	93.50000000
493.2	93.50000000
493.4	93.40000000
493.6	93.50000000
493.8	93.50000000
494	93.50000000
494.2	93.40000000
494.4	93.20000000
494.6	93.10000000
494.8	93.20000000
495	93.20000000
495.2	93.40000000
495.4	93.60000000
495.6	93.80000000
495.8	94.00000000
496	94.00000000
496.2	94.00000000
496.4	94.00000000
496.6	93.90000000
496.8	94.00000000
497	94.00000000
497.2	94.10000000
497.4	94.10000000
497.6	94.00000000
497.8	93.90000000
498	93.70000000
498.2	93.40000000
498.4	93.00000000
498.6	92.60000000
498.8	92.20000000
499	91.90000000
499.2	91.70000000
499.4	91.70000000
499.6	91.90000000
499.8	92.30000000
500	92.70000000
500.2	93.00000000
500.4	92.90000000
500.6	92.50000000
500.8	91.50000000
501	90.40000000
501.2	89.20000000
501.4	88.10000000
501.6	87.50000000
501.8	87.40000000
502	87.80000000
502.2	88.70000000
502.4	89.60000000
502.6	90.40000000
502.8	91.20000000
503	91.90000000
503.2	92.30000000
503.4	92.50000000
503.6	92.70000000
503.8	92.80000000
504	92.70000000
504.2	92.50000000
504.4	92.30000000
504.6	91.90000000
504.8	91.60000000
505	91.00000000
505.2	89.80000000
505.4	87.80000000
505.6	85.20000000
505.8	82.30000000
506	80.00000000
506.2	78.90000000
506.4	79.10000000
506.6	80.00000000
506.8	80.70000000
507	80.30000000
507.2	79.10000000
507.4	78.00000000
507.6	76.90000000
507.8	67.80000000
508	44.00000000
508.2	19.50000000
508.4	6.80400000
508.6	2.34500000
508.8	0.65400000
509	0.23400000
509.2	0.09213100
509.4	0.04226100
509.6	0.02305000
509.8	0.01401000
510	0.00892250
510.2	0.00183410
510.4	0.00064393
510.6	0.00035232
510.8	0.00020654
511	0.00013448
511.2	0.00008944
511.4	0.00006844
511.6	0.00005103
511.8	0.00003991
512	0.00003545
512.2	0.00002685
512.4	0.00003258
512.6	0.00002536
512.8	0.00002117
513	0.00001970
513.2	0.00001435
513.4	0.00001137
513.6	0.00001499
513.8	0.00001954
514	0.00001866
514.2	0.00001787
514.4	0.00001532
514.6	0.00001265
514.8	0.00001626
515	0.00000812
515.2	0.00000753
515.4	0.00000954
515.6	0.00001210
515.8	0.00001266
516	0.00001501
516.2	0.00001930
516.4	0.00001806
516.6	0.00001471
516.8	0.00001638
517	0.00001781
517.2	0.00001340
517.4	0.00001423
517.6	0.00001290
517.8	0.00001051
518	0.00000452
518.2	0.00000212
518.4	0.00000223
518.6	0.00000571
518.8	0.00000371
519	0.00000974
519.2	0.00000495
519.4	0.00000498
519.6	0.00000498
519.8	0.00000463
520	0.00000731
520.2	0.00001114
520.4	0.00001112
520.6	0.00000522
520.8	0.00000416
521	0.00000416
521.2	0.00000427
521.4	0.00000494
521.6	0.00000447
521.8	0.00000148
522	0.00000693
522.2	0.00000798
522.4	0.00000495
522.6	0.00000402
522.8	0.00000425
523	0.00001016
523.2	0.00000177
523.4	0.00000335
523.6	0.00000529
523.8	0.00000558
524	0.00000657
524.2	0.00000602
524.4	0.00000141
524.6	0.00000503
524.8	0.00000648
525	0.00000520
525.2	0.00000434
525.4	0.00000648
525.6	0.00000802
525.8	0.00000632
526	0.00000176
526.2	0.00000128
526.4	0.00000128
526.6	0.00000172
526.8	0.00000617
527	0.00000507
527.2	0.00000383
527.4	0.00000563
527.6	0.00000630
527.8	0.00000671
528	0.00000731
528.2	0.00000631
528.4	0.00000627
528.6	0.00000622
528.8	0.00000187
529	0.00000179
529.2	0.00000333
529.4	0.00000504
529.6	0.00000140
529.8	0.00000222
530	0.00000351
530.2	0.00000275
530.4	0.00000422
530.6	0.00000528
530.8	0.00000243
531	0.00000243
531.2	0.00000593
531.4	0.00000728
531.6	0.00000231
531.8	0.00000120
532	0.00000202
532.2	0.00001160
532.4	0.00000321
532.6	0.00000308
532.8	0.00000594
533	0.00000366
533.2	0.00000278
533.4	0.00000285
533.6	0.00000119
533.8	0.00000201
534	0.00000244
534.2	0.00000317
534.4	0.00000188
534.6	0.00000208
534.8	0.00000536
535	0.00000357
535.2	0.00000653
535.4	0.00000760
535.6	0.00000857
535.8	0.00000549
536	0.00000242
536.2	0.00000141
536.4	0.00000505
536.6	0.00000577
536.8	0.00000339
537	0.00000360
537.2	0.00000563
537.4	0.00000561
537.6	0.00000343
537.8	0.00000342
538	0.00000341
538.2	0.00000441
538.4	0.00000222
538.6	0.00000257
538.8	0.00000565
539	0.00000318
539.2	0.00000132
539.4	0.00000312
539.6	0.00000464
539.8	0.00000516
540	0.00000310
540.2	0.00000181
540.4	0.00000964
540.6	0.00000168
540.8	0.00000111
541	0.00000188
541.2	0.00000199
541.4	0.00000222
541.6	0.00000584
541.8	0.00000337
542	0.00000567
542.2	0.00000663
542.4	0.00000476
542.6	0.00000423
542.8	0.00000353
543	0.00000121
543.2	0.00000210
543.4	0.00000428
543.6	0.00000233
543.8	0.00000209
544	0.00000413
544.2	0.00000245
544.4	0.00000324
544.6	0.00000323
544.8	0.00000151
545	0.00000107
545.2	0.00000153
545.4	0.00000342
545.6	0.00000295
545.8	0.00000107
546	0.00000107
546.2	0.00000107
546.4	0.00000107
546.6	0.00000140
546.8	0.00000355
547	0.00000479
547.2	0.00000112
547.4	0.00000465
547.6	0.00000822
547.8	0.00000689
548	0.00000461
548.2	0.00000594
548.4	0.00000618
548.6	0.00000534
548.8	0.00000357
549	0.00000473
549.2	0.00000493
549.4	0.00000304
549.6	0.00000220
549.8	0.00000124
550	0.00000296
550.2	0.00000141
550.4	0.00000189
550.6	0.00000373
550.8	0.00000497
551	0.00000316
551.2	0.00000105
551.4	0.00000105
551.6	0.00000274
551.8	0.00000511
552	0.00000379
552.2	0.00000120
552.4	0.00000385
552.6	0.00000117
552.8	0.00000553
553	0.00000513
553.2	0.00000228
553.4	0.00000124
553.6	0.00000212
553.8	0.00000256
554	0.00000210
554.2	0.00000290
554.4	0.00000162
554.6	0.00000104
554.8	0.00000104
555	0.00000104
555.2	0.00000523
555.4	0.00000112
555.6	0.00000104
555.8	0.00000152
556	0.00000162
556.2	0.00000120
556.4	0.00000288
556.6	0.00000174
556.8	0.00000107
557	0.00000167
557.2	0.00000144
557.4	0.00000155
557.6	0.00000408
557.8	0.00000408
558	0.00000548
558.2	0.00000517
558.4	0.00000164
558.6	0.00000144
558.8	0.00000166
559	0.00000120
559.2	0.00000502
559.4	0.00000574
559.6	0.00000131
559.8	0.00000118
560	0.00000135
560.2	0.00000181
560.4	0.00000195
560.6	0.00000353
560.8	0.00000295
561	0.00000476
561.2	0.00000917
561.4	0.00000920
561.6	0.00000923
561.8	0.00000926
562	0.00000929
562.2	0.00000931
562.4	0.00000934
562.6	0.00000937
562.8	0.00000940
563	0.00000943
563.2	0.00000946
563.4	0.00000949
563.6	0.00000950
563.8	0.00000949
564	0.00000948
564.2	0.00000946
564.4	0.00000945
564.6	0.00000944
564.8	0.00000943
565	0.00000942
565.2	0.00000941
565.4	0.00000940
565.6	0.00000939
565.8	0.00000938
566	0.00000939
566.2	0.00000944
566.4	0.00000949
566.6	0.00000954
566.8	0.00000959
567	0.00000964
567.2	0.00000969
567.4	0.00000974
567.6	0.00000979
567.8	0.00000984
568	0.00000989
568.2	0.00000994
568.4	0.00000995
568.6	0.00000986
568.8	0.00000978
569	0.00000970
569.2	0.00000961
569.4	0.00000953
569.6	0.00000945
569.8	0.00000937
570	0.00000929
570.2	0.00000921
570.4	0.00000913
570.6	0.00000905
570.8	0.00000898
571	0.00000892
571.2	0.00000888
571.4	0.00000884
571.6	0.00000880
571.8	0.00000877
572	0.00000873
572.2	0.00000869
572.4	0.00000865
572.6	0.00000862
572.8	0.00000858
573	0.00000854
573.2	0.00000851
573.4	0.00000847
573.6	0.00000821
573.8	0.00000780
574	0.00000741
574.2	0.00000705
574.4	0.00000670
574.6	0.00000636
574.8	0.00000605
575	0.00000575
575.2	0.00000546
575.4	0.00000519
575.6	0.00000493
575.8	0.00000469
576	0.00000463
576.2	0.00000480
576.4	0.00000497
576.6	0.00000516
576.8	0.00000534
577	0.00000554
577.2	0.00000574
577.4	0.00000595
577.6	0.00000616
577.8	0.00000639
578	0.00000662
578.2	0.00000686
578.4	0.00000711
578.6	0.00000737
578.8	0.00000765
579	0.00000793
579.2	0.00000823
579.4	0.00000854
579.6	0.00000886
579.8	0.00000919
580	0.00000953
580.2	0.00000989
580.4	0.00001026
580.6	0.00001064
580.8	0.00001104
581	0.00001081
581.2	0.00000987
581.4	0.00000902
581.6	0.00000824
581.8	0.00000753
582	0.00000688
582.2	0.00000629
582.4	0.00000575
582.6	0.00000525
582.8	0.00000480
583	0.00000439
583.2	0.00000401
583.4	0.00000366
583.6	0.00000361
583.8	0.00000375
584	0.00000390
584.2	0.00000405
584.4	0.00000420
584.6	0.00000436
584.8	0.00000453
585	0.00000471
585.2	0.00000489
585.4	0.00000508
585.6	0.00000528
585.8	0.00000548
586	0.00000551
586.2	0.00000535
586.4	0.00000518
586.6	0.00000502
586.8	0.00000487
587	0.00000472
587.2	0.00000458
587.4	0.00000444
587.6	0.00000430
587.8	0.00000417
588	0.00000404
588.2	0.00000392
588.4	0.00000391
588.6	0.00000412
588.8	0.00000434
589	0.00000458
589.2	0.00000483
589.4	0.00000509
589.6	0.00000537
589.8	0.00000566
590	0.00000597
590.2	0.00000629
590.4	0.00000664
590.6	0.00000700
590.8	0.00000738
591	0.00000757
591.2	0.00000753
591.4	0.00000749
591.6	0.00000744
591.8	0.00000740
592	0.00000736
592.2	0.00000732
592.4	0.00000728
592.6	0.00000723
592.8	0.00000719
593	0.00000715
593.2	0.00000711
593.4	0.00000707
593.6	0.00000691
593.8	0.00000668
594	0.00000645
594.2	0.00000623
594.4	0.00000601
594.6	0.00000581
594.8	0.00000561
595	0.00000542
595.2	0.00000523
595.4	0.00000505
595.6	0.00000488
595.8	0.00000471
596	0.00000466
596.2	0.00000474
596.4	0.00000482
596.6	0.00000491
596.8	0.00000499
597	0.00000508
597.2	0.00000516
597.4	0.00000525
597.6	0.00000534
597.8	0.00000544
598	0.00000553
598.2	0.00000563
598.4	0.00000566
598.6	0.00000558
598.8	0.00000550
599	0.00000543
599.2	0.00000535
599.4	0.00000528
599.6	0.00000520
599.8	0.00000513
600	0.00000506
600.2	0.00000499
600.4	0.00000492
600.6	0.00000485
600.8	0.00000478
601	0.00000468
601.2	0.00000454
601.4	0.00000440
601.6	0.00000426
601.8	0.00000413
602	0.00000401
602.2	0.00000388
602.4	0.00000376
602.6	0.00000365
602.8	0.00000354
603	0.00000343
603.2	0.00000332
603.4	0.00000322
603.6	0.00000319
603.8	0.00000322
604	0.00000325
604.2	0.00000328
604.4	0.00000330
604.6	0.00000333
604.8	0.00000336
605	0.00000339
605.2	0.00000342
605.4	0.00000345
605.6	0.00000348
605.8	0.00000351
606	0.00000356
606.2	0.00000364
606.4	0.00000371
606.6	0.00000379
606.8	0.00000388
607	0.00000396
607.2	0.00000404
607.4	0.00000413
607.6	0.00000422
607.8	0.00000431
608	0.00000440
608.2	0.00000450
608.4	0.00000442
608.6	0.00000399
608.8	0.00000361
609	0.00000326
609.2	0.00000295
609.4	0.00000266
609.6	0.00000241
609.8	0.00000217
610	0.00000196
610.2	0.00000178
610.4	0.00000160
610.6	0.00000145
610.8	0.00000131
611	0.00000127
611.2	0.00000134
611.4	0.00000141
611.6	0.00000149
611.8	0.00000157
612	0.00000166
612.2	0.00000175
612.4	0.00000185
612.6	0.00000195
612.8	0.00000206
613	0.00000217
613.2	0.00000229
613.4	0.00000242
613.6	0.00000234
613.8	0.00000211
614	0.00000190
614.2	0.00000172
614.4	0.00000155
614.6	0.00000140
614.8	0.00000126
615	0.00000114
615.2	0.00000102
615.4	0.00000092
615.6	0.00000083
615.8	0.00000075
616	0.00000069
616.2	0.00000065
616.4	0.00000062
616.6	0.00000058
616.8	0.00000055
617	0.00000052
617.2	0.00000049
617.4	0.00000046
617.6	0.00000044
617.8	0.00000041
618	0.00000039
618.2	0.00000037
618.4	0.00000036
618.6	0.00000038
618.8	0.00000040
619	0.00000042
619.2	0.00000045
619.4	0.00000047
619.6	0.00000050
619.8	0.00000052
620	0.00000055
620.2	0.00000058
620.4	0.00000062
620.6	0.00000065
620.8	0.00000069
621	0.00000075
621.2	0.00000086
621.4	0.00000099
621.6	0.00000114
621.8	0.00000131
622	0.00000151
622.2	0.00000173
622.4	0.00000199
622.6	0.00000228
622.8	0.00000263
623	0.00000302
623.2	0.00000347
623.4	0.00000398
623.6	0.00000403
623.8	0.00000368
624	0.00000336
624.2	0.00000306
624.4	0.00000280
624.6	0.00000256
624.8	0.00000233
625	0.00000213
625.2	0.00000195
625.4	0.00000178
625.6	0.00000162
625.8	0.00000148
626	0.00000145
626.2	0.00000153
626.4	0.00000162
626.6	0.00000171
626.8	0.00000181
627	0.00000192
627.2	0.00000203
627.4	0.00000215
627.6	0.00000227
627.8	0.00000240
628	0.00000254
628.2	0.00000269
628.4	0.00000271
628.6	0.00000251
628.8	0.00000233
629	0.00000216
629.2	0.00000200
629.4	0.00000185
629.6	0.00000172
629.8	0.00000159
630	0.00000148
630.2	0.00000137
630.4	0.00000127
630.6	0.00000118
630.8	0.00000109
631	0.00000110
631.2	0.00000124
631.4	0.00000140
631.6	0.00000158
631.8	0.00000178
632	0.00000200
632.2	0.00000225
632.4	0.00000254
632.6	0.00000286
632.8	0.00000323
633	0.00000364
633.2	0.00000410
633.4	0.00000462
633.6	0.00000487
633.8	0.00000484
634	0.00000481
634.2	0.00000478
634.4	0.00000475
634.6	0.00000473
634.8	0.00000470
635	0.00000467
635.2	0.00000464
635.4	0.00000461
635.6	0.00000459
635.8	0.00000456
636	0.00000414
636.2	0.00000335
636.4	0.00000271
636.6	0.00000219
636.8	0.00000178
637	0.00000144
637.2	0.00000116
637.4	0.00000094
637.6	0.00000076
637.8	0.00000062
638	0.00000050
638.2	0.00000040
638.4	0.00000036
638.6	0.00000040
638.8	0.00000044
639	0.00000049
639.2	0.00000054
639.4	0.00000059
639.6	0.00000065
639.8	0.00000072
640	0.00000079
640.2	0.00000087
640.4	0.00000096
640.6	0.00000106
640.8	0.00000117
641	0.00000118
641.2	0.00000107
641.4	0.00000097
641.6	0.00000088
641.8	0.00000079
642	0.00000072
642.2	0.00000065
642.4	0.00000059
642.6	0.00000054
642.8	0.00000049
643	0.00000044
643.2	0.00000040
643.4	0.00000036
643.6	0.00000035
643.8	0.00000035
644	0.00000035
644.2	0.00000035
644.4	0.00000034
644.6	0.00000034
644.8	0.00000034
645	0.00000034
645.2	0.00000034
645.4	0.00000034
645.6	0.00000034
645.8	0.00000034
646	0.00000037
646.2	0.00000044
646.4	0.00000052
646.6	0.00000062
646.8	0.00000074
647	0.00000088
647.2	0.00000104
647.4	0.00000124
647.6	0.00000147
647.8	0.00000175
648	0.00000208
648.2	0.00000247
648.4	0.00000273
648.6	0.00000266
648.8	0.00000260
649	0.00000254
649.2	0.00000248
649.4	0.00000242
649.6	0.00000236
649.8	0.00000230
650	0.00000225
650.2	0.00000219
650.4	0.00000214
650.6	0.00000209
650.8	0.00000204
651	0.00000229
651.2	0.00000277
651.4	0.00000335
651.6	0.00000406
651.8	0.00000491
652	0.00000595
652.2	0.00000720
652.4	0.00000962
652.6	0.00001286
652.8	0.00001720
653	0.00002301
653.2	0.00003077
653.4	0.00004115
653.6	0.00005503
653.8	0.00007359
654	0.00009842
654.2	0.00013162
654.4	0.00017602
654.6	0.00021624
654.8	0.00022271
655	0.00022938
655.2	0.00023625
655.4	0.00024332
655.6	0.00025061
655.8	0.00025812
656	0.00026584
656.2	0.00027380
656.4	0.00028200
656.6	0.00029045
656.8	0.00029915
657	0.00028454
657.2	0.00026001
657.4	0.00023760
657.6	0.00021712
657.8	0.00019841
658	0.00018130
658.2	0.00016568
658.4	0.00015140
658.6	0.00013835
658.8	0.00012642
659	0.00011552
659.2	0.00010559
659.4	0.00009837
659.6	0.00009164
659.8	0.00008537
660	0.00007953
660.2	0.00007409
660.4	0.00006902
660.6	0.00006430
660.8	0.00005990
661	0.00005581
661.2	0.00005825
661.4	0.00006256
661.6	0.00006718
661.8	0.00007215
662	0.00007748
662.2	0.00008320
662.4	0.00008935
662.6	0.00009596
662.8	0.00010305
663	0.00011066
663.2	0.00011884
663.4	0.00012763
663.6	0.00012691
663.8	0.00011772
664	0.00010920
664.2	0.00010129
664.4	0.00009396
664.6	0.00008716
664.8	0.00008084
665	0.00007499
665.2	0.00006956
665.4	0.00006452
665.6	0.00005985
665.8	0.00005552
666	0.00005472
666.2	0.00005801
666.4	0.00006150
666.6	0.00006520
666.8	0.00006912
667	0.00007327
667.2	0.00007767
667.4	0.00008234
667.6	0.00008729
667.8	0.00009254
668	0.00009810
668.2	0.00010400
668.4	0.00011032
668.6	0.00011715
668.8	0.00012439
669	0.00013209
669.2	0.00014026
669.4	0.00014894
669.6	0.00015816
669.8	0.00016794
670	0.00017833
670.2	0.00018937
670.4	0.00020108
670.6	0.00021353
670.8	0.00022674
671	0.00023706
671.2	0.00024302
671.4	0.00024913
671.6	0.00025539
671.8	0.00026181
672	0.00026839
672.2	0.00027513
672.4	0.00028205
672.6	0.00028914
672.8	0.00029640
673	0.00030385
673.2	0.00031149
673.4	0.00031932
673.6	0.00031895
673.8	0.00030992
674	0.00030114
674.2	0.00029261
674.4	0.00028433
674.6	0.00027627
674.8	0.00026845
675	0.00026085
675.2	0.00025346
675.4	0.00024628
675.6	0.00023931
675.8	0.00023253
676	0.00022410
676.2	0.00021360
676.4	0.00020359
676.6	0.00019405
676.8	0.00018495
677	0.00017629
677.2	0.00016802
677.4	0.00016015
677.6	0.00015264
677.8	0.00014549
678	0.00013867
678.2	0.00013217
678.4	0.00012617
678.6	0.00012076
678.8	0.00011559
679	0.00011064
679.2	0.00010590
679.4	0.00010136
679.6	0.00009702
679.8	0.00009287
680	0.00008889
680.2	0.00008508
680.4	0.00008144
680.6	0.00007795
680.8	0.00007461
681	0.00007453
681.2	0.00007878
681.4	0.00008327
681.6	0.00008803
681.8	0.00009305
682	0.00009836
682.2	0.00010397
682.4	0.00010990
682.6	0.00011618
682.8	0.00012280
683	0.00012981
683.2	0.00013722
683.4	0.00014505
683.6	0.00014967
683.8	0.00015062
684	0.00015157
684.2	0.00015252
684.4	0.00015348
684.6	0.00015445
684.8	0.00015543
685	0.00015641
685.2	0.00015739
685.4	0.00015838
685.6	0.00015938
685.8	0.00016039
686	0.00016132
686.2	0.00016216
686.4	0.00016301
686.6	0.00016386
686.8	0.00016471
687	0.00016557
687.2	0.00016644
687.4	0.00016730
687.6	0.00016818
687.8	0.00016905
688	0.00016993
688.2	0.00017082
688.4	0.00017203
688.6	0.00017377
688.8	0.00017552
689	0.00017729
689.2	0.00017908
689.4	0.00018088
689.6	0.00018271
689.8	0.00018455
690	0.00018641
690.2	0.00018829
690.4	0.00019019
690.6	0.00019211
690.8	0.00019405
691	0.00018666
691.2	0.00016873
691.4	0.00015252
691.6	0.00013786
691.8	0.00012462
692	0.00011265
692.2	0.00010182
692.4	0.00009204
692.6	0.00008320
692.8	0.00007521
693	0.00006798
693.2	0.00006145
693.4	0.00005555
693.6	0.00005263
693.8	0.00005241
694	0.00005219
694.2	0.00005198
694.4	0.00005177
694.6	0.00005155
694.8	0.00005134
695	0.00005113
695.2	0.00005092
695.4	0.00005071
695.6	0.00005050
695.8	0.00005029
696	0.00005100
696.2	0.00005294
696.4	0.00005494
696.6	0.00005702
696.8	0.00005918
697	0.00006142
697.2	0.00006375
697.4	0.00006617
697.6	0.00006867
697.8	0.00007127
698	0.00007397
698.2	0.00007678
698.4	0.00007920
698.6	0.00008092
698.8	0.00008269
699	0.00008449
699.2	0.00008634
699.4	0.00008822
699.6	0.00009014
699.8	0.00009211
700	0.00009412
700.2	0.00009617
700.4	0.00009827
700.6	0.00010042
700.8	0.00010261
701	0.00010273
701.2	0.00010022
701.4	0.00009777
701.6	0.00009538
701.8	0.00009305
702	0.00009077
702.2	0.00008855
702.4	0.00008639
702.6	0.00008427
702.8	0.00008221
703	0.00008020
703.2	0.00007824
703.4	0.00007633
703.6	0.00007624
703.8	0.00007813
704	0.00008006
704.2	0.00008203
704.4	0.00008406
704.6	0.00008614
704.8	0.00008826
705	0.00009044
705.2	0.00009268
705.4	0.00009497
705.6	0.00009731
705.8	0.00009972
706	0.00010347
706.2	0.00010908
706.4	0.00011500
706.6	0.00012124
706.8	0.00012782
707	0.00013475
707.2	0.00014207
707.4	0.00014977
707.6	0.00015790
707.8	0.00016647
708	0.00017550
708.2	0.00018503
708.4	0.00017886
708.6	0.00015222
708.8	0.00012955
709	0.00011026
709.2	0.00009384
709.4	0.00007986
709.6	0.00006797
709.8	0.00005785
710	0.00004923
710.2	0.00004190
710.4	0.00003566
710.6	0.00003035
710.8	0.00002583
711	0.00002304
711.2	0.00002181
711.4	0.00002065
711.6	0.00001955
711.8	0.00001851
712	0.00001752
712.2	0.00001659
712.4	0.00001570
712.6	0.00001486
712.8	0.00001407
713	0.00001332
713.2	0.00001261
713.4	0.00001194
713.6	0.00001187
713.8	0.00001246
714	0.00001307
714.2	0.00001372
714.4	0.00001440
714.6	0.00001512
714.8	0.00001587
715	0.00001666
715.2	0.00001748
715.4	0.00001835
715.6	0.00001926
715.8	0.00002022
716	0.00002223
716.2	0.00002595
716.4	0.00003030
716.6	0.00003537
716.8	0.00004130
717	0.00004821
717.2	0.00005629
717.4	0.00006572
717.6	0.00007672
717.8	0.00008957
718	0.00010458
718.2	0.00012209
718.4	0.00013619
718.6	0.00014227
718.8	0.00014862
719	0.00015525
719.2	0.00016218
719.4	0.00016942
719.6	0.00017698
719.8	0.00018488
720	0.00019314
720.2	0.00020176
720.4	0.00021076
720.6	0.00022017
720.8	0.00023000
721	0.00023640
721.2	0.00024126
721.4	0.00024622
721.6	0.00025128
721.8	0.00025645
722	0.00026172
722.2	0.00026710
722.4	0.00027783
722.6	0.00028958
722.8	0.00030183
723	0.00031460
723.2	0.00032790
723.4	0.00034177
723.6	0.00035622
723.8	0.00037129
724	0.00038699
724.2	0.00040336
724.4	0.00042041
724.6	0.00042389
724.8	0.00039480
725	0.00036770
725.2	0.00034247
725.4	0.00031896
725.6	0.00029707
725.8	0.00027669
726	0.00025770
726.2	0.00024001
726.4	0.00022354
726.6	0.00020820
726.8	0.00019391
727	0.00018402
727.2	0.00017615
727.4	0.00016861
727.6	0.00016140
727.8	0.00015449
728	0.00014788
728.2	0.00014156
728.4	0.00013550
728.6	0.00012970
728.8	0.00012416
729	0.00011884
729.2	0.00011418
729.4	0.00011420
729.6	0.00011421
729.8	0.00011423
730	0.00011424
730.2	0.00011425
730.4	0.00011427
730.6	0.00011428
730.8	0.00011429
731	0.00011431
731.2	0.00011846
731.4	0.00012426
731.6	0.00013035
731.8	0.00013674
732	0.00014344
732.2	0.00015047
732.4	0.00015784
732.6	0.00016557
732.8	0.00017369
733	0.00018220
733.2	0.00019113
733.4	0.00020049
733.6	0.00019967
733.8	0.00018730
734	0.00017571
734.2	0.00016483
734.4	0.00015462
734.6	0.00014505
734.8	0.00013607
735	0.00012764
735.2	0.00011974
735.4	0.00011233
735.6	0.00010537
735.8	0.00009885
736	0.00008963
736.2	0.00007795
736.4	0.00006780
736.6	0.00005897
736.8	0.00005129
737	0.00004460
737.2	0.00003879
737.4	0.00003374
737.6	0.00002935
737.8	0.00002552
738	0.00002220
738.2	0.00001931
738.4	0.00001696
738.6	0.00001509
738.8	0.00001343
739	0.00001194
739.2	0.00001063
739.4	0.00000945
739.6	0.00000841
739.8	0.00000748
740	0.00000666
740.2	0.00000592
740.4	0.00000527
740.6	0.00000469
740.8	0.00000417
741	0.00000384
741.2	0.00000367
741.4	0.00000351
741.6	0.00000336
741.8	0.00000322
742	0.00000308
742.2	0.00000295
742.4	0.00000282
742.6	0.00000270
742.8	0.00000258
743	0.00000247
743.2	0.00000236
743.4	0.00000226
743.6	0.00000232
743.8	0.00000256
744	0.00000282
744.2	0.00000312
744.4	0.00000344
744.6	0.00000380
744.8	0.00000419
745	0.00000462
745.2	0.00000510
745.4	0.00000563
745.6	0.00000622
745.8	0.00000686
746	0.00000802
746.2	0.00001002
746.4	0.00001252
746.6	0.00001564
746.8	0.00001954
747	0.00002440
747.2	0.00003048
747.4	0.00003808
747.6	0.00004756
747.8	0.00005941
748	0.00007421
748.2	0.00009270
748.4	0.00010386
748.6	0.00010240
748.8	0.00010097
749	0.00009956
749.2	0.00009816
749.4	0.00009679
749.6	0.00009543
749.8	0.00009409
750	0.00009278
750.2	0.00009148
750.4	0.00009020
750.6	0.00008893
750.8	0.00008769
751	0.00008469
751.2	0.00007979
751.4	0.00007518
751.6	0.00007083
751.8	0.00006674
752	0.00006288
752.2	0.00005924
752.4	0.00005582
752.6	0.00005259
752.8	0.00004955
753	0.00004669
753.2	0.00004399
753.4	0.00004144
753.6	0.00004250
753.8	0.00004843
754	0.00005519
754.2	0.00006289
754.4	0.00007167
754.6	0.00008167
754.8	0.00009307
755	0.00010607
755.2	0.00012087
755.4	0.00013774
755.6	0.00015697
755.8	0.00017888
756	0.00018545
756.2	0.00017087
756.4	0.00015744
756.6	0.00014506
756.8	0.00013366
757	0.00012315
757.2	0.00011347
757.4	0.00010455
757.6	0.00009633
757.8	0.00008876
758	0.00008178
758.2	0.00007535
758.4	0.00006742
758.6	0.00005820
758.8	0.00005024
759	0.00004337
759.2	0.00003744
759.4	0.00003232
759.6	0.00002790
759.8	0.00002409
760	0.00002080
760.2	0.00001795
760.4	0.00001550
760.6	0.00001338
760.8	0.00001155
761	0.00001073
761.2	0.00001091
761.4	0.00001109
761.6	0.00001127
761.8	0.00001146
762	0.00001165
762.2	0.00001184
762.4	0.00001204
762.6	0.00001224
762.8	0.00001244
763	0.00001264
763.2	0.00001285
763.4	0.00001306
763.6	0.00001333
763.8	0.00001367
764	0.00001401
764.2	0.00001437
764.4	0.00001473
764.6	0.00001510
764.8	0.00001548
765	0.00001587
765.2	0.00001627
765.4	0.00001668
765.6	0.00001710
765.8	0.00001753
766	0.00001797
766.2	0.00001840
766.4	0.00001885
766.6	0.00001931
766.8	0.00001979
767	0.00002027
767.2	0.00002076
767.4	0.00002127
767.6	0.00002179
767.8	0.00002232
768	0.00002286
768.2	0.00002342
768.4	0.00002551
768.6	0.00002983
768.8	0.00003488
769	0.00004078
769.2	0.00004768
769.4	0.00005574
769.6	0.00006517
769.8	0.00007620
770	0.00008909
770.2	0.00010416
770.4	0.00012178
770.6	0.00014238
770.8	0.00016647
771	0.00017273
771.2	0.00015488
771.4	0.00013888
771.6	0.00012453
771.8	0.00011166
772	0.00010012
772.2	0.00008978
772.4	0.00008050
772.6	0.00007218
772.8	0.00006473
773	0.00005804
773.2	0.00005204
773.4	0.00004666
773.6	0.00004273
773.8	0.00004023
774	0.00003788
774.2	0.00003566
774.4	0.00003358
774.6	0.00003161
774.8	0.00002976
775	0.00002802
775.2	0.00002638
775.4	0.00002484
775.6	0.00002339
775.8	0.00002202
776	0.00002188
776.2	0.00002326
776.4	0.00002473
776.6	0.00002628
776.8	0.00002794
777	0.00002970
777.2	0.00003157
777.4	0.00003356
777.6	0.00003568
777.8	0.00003793
778	0.00004032
778.2	0.00004286
778.4	0.00004673
778.6	0.00005242
778.8	0.00005881
779	0.00006598
779.2	0.00007402
779.4	0.00008304
779.6	0.00009316
779.8	0.00010451
780	0.00011725
780.2	0.00013154
780.4	0.00014757
780.6	0.00016556
780.8	0.00018573
781	0.00018918
781.2	0.00017165
781.4	0.00015573
781.6	0.00014130
781.8	0.00012820
782	0.00011632
782.2	0.00010553
782.4	0.00009575
782.6	0.00008687
782.8	0.00007882
783	0.00007151
783.2	0.00006488
783.4	0.00005887
783.6	0.00005497
783.8	0.00005329
784	0.00005166
784.2	0.00005007
784.4	0.00004854
784.6	0.00004705
784.8	0.00004561
785	0.00004421
785.2	0.00004286
785.4	0.00004155
785.6	0.00004027
785.8	0.00003904
786	0.00003906
786.2	0.00004341
786.4	0.00004826
786.6	0.00005364
786.8	0.00005963
787	0.00006628
787.2	0.00007368
787.4	0.00008190
787.6	0.00009104
787.8	0.00010120
788	0.00011249
788.2	0.00012504
788.4	0.00013899
788.6	0.00015450
788.8	0.00015987
789	0.00015832
789.2	0.00015678
789.4	0.00015526
789.6	0.00015375
789.8	0.00015226
790	0.00015078
790.2	0.00014931
790.4	0.00014786
790.6	0.00014643
790.8	0.00013751
791	0.00012309
791.2	0.00011017
791.4	0.00009862
791.6	0.00008827
791.8	0.00007901
792	0.00007072
792.2	0.00006330
792.4	0.00005666
792.6	0.00005072
792.8	0.00004540
793	0.00004064
793.2	0.00003260
793.4	0.00002598
793.6	0.00002070
793.8	0.00001649
794	0.00001314
794.2	0.00001047
794.4	0.00000834
794.6	0.00000665
794.8	0.00000530
795	0.00000422
795.2	0.00000336
795.4	0.00000268
795.6	0.00000213
795.8	0.00000170
796	0.00000135
796.2	0.00000108
796.4	0.00000086
796.6	0.00000069
796.8	0.00000055
797	0.00000043
797.2	0.00000038
797.4	0.00000038
797.6	0.00000038
797.8	0.00000038
798	0.00000038
798.2	0.00000038
798.4	0.00000038
798.6	0.00000038
798.8	0.00000038
799	0.00000038
799.2	0.00000038
799.4	0.00000038
799.6	0.00000038
799.8	0.00000038
800	0.00000038
800.2	0.00000038
800.4	0.00000038
800.6	0.00000038
800.8	0.00000038
801	0.00000038
801.2	0.00000038
801.4	0.00000038
801.6	0.00000038
801.8	0.00000038
802	0.00000038
802.2	0.00000038
802.4	0.00000038
802.6	0.00000038
802.8	0.00000038
803	0.00000038
803.2	0.00000038
803.4	0.00000038
803.6	0.00000038
803.8	0.00000038
804	0.00000038
804.2	0.00000038
804.4	0.00000038
804.6	0.00000038
804.8	0.00000038
805	0.00000038
805.2	0.00000062
805.4	0.00000110
805.6	0.00000198
805.8	0.00000354
806	0.00000635
806.2	0.00001139
806.4	0.00002041
806.6	0.00003658
806.8	0.00006558
807	0.00011755
807.2	0.00016913
807.4	0.00017500
807.6	0.00018108
807.8	0.00018737
808	0.00019388
808.2	0.00020061
808.4	0.00020758
808.6	0.00021479
808.8	0.00022225
809	0.00022997
809.2	0.00022558
809.4	0.00020997
809.6	0.00019544
809.8	0.00018191
810	0.00016932
810.2	0.00015761
810.4	0.00014670
810.6	0.00013655
810.8	0.00012710
811	0.00011831
811.2	0.00011519
811.4	0.00011538
811.6	0.00011556
811.8	0.00011574
812	0.00011592
812.2	0.00011610
812.4	0.00011628
812.6	0.00011646
812.8	0.00011665
813	0.00011683
813.2	0.00012001
813.4	0.00012448
813.6	0.00012910
813.8	0.00013390
814	0.00013888
814.2	0.00014405
814.4	0.00014940
814.6	0.00015496
814.8	0.00016072
815	0.00016670
815.2	0.00016303
815.4	0.00015767
815.6	0.00015249
815.8	0.00014748
816	0.00014264
816.2	0.00013795
816.4	0.00013342
816.6	0.00012903
816.8	0.00012479
817	0.00012069
817.2	0.00011730
817.4	0.00011487
817.6	0.00011249
817.8	0.00011016
818	0.00010788
818.2	0.00010565
818.4	0.00010346
818.6	0.00010132
818.8	0.00009923
819	0.00009717
819.2	0.00009395
819.4	0.00008970
819.6	0.00008565
819.8	0.00008177
820	0.00007808
820.2	0.00007455
820.4	0.00007117
820.6	0.00006796
820.8	0.00006488
821	0.00006195
821.2	0.00006241
821.4	0.00006497
821.6	0.00006764
821.8	0.00007042
822	0.00007331
822.2	0.00007632
822.4	0.00007945
822.6	0.00008271
822.8	0.00008611
823	0.00008964
823.2	0.00009142
823.4	0.00009253
823.6	0.00009366
823.8	0.00009480
824	0.00009596
824.2	0.00009713
824.4	0.00009831
824.6	0.00009951
824.8	0.00010072
825	0.00010195
825.2	0.00010043
825.4	0.00009850
825.6	0.00009661
825.8	0.00009475
826	0.00009293
826.2	0.00009114
826.4	0.00008939
826.6	0.00008767
826.8	0.00008599
827	0.00008433
827.2	0.00008310
827.4	0.00008253
827.6	0.00008197
827.8	0.00008140
828	0.00008085
828.2	0.00008029
828.4	0.00007974
828.6	0.00007919
828.8	0.00007865
829	0.00007811
829.2	0.00007871
829.4	0.00008050
829.6	0.00008233
829.8	0.00008420
830	0.00008612
830.2	0.00008807
830.4	0.00009007
830.6	0.00009212
830.8	0.00009422
831	0.00009636
831.2	0.00009989
831.4	0.00010442
831.6	0.00010916
831.8	0.00011412
832	0.00011930
832.2	0.00012472
832.4	0.00013039
832.6	0.00013631
832.8	0.00014250
833	0.00014897
833.2	0.00015043
833.4	0.00015008
833.6	0.00014972
833.8	0.00014937
834	0.00014901
834.2	0.00014866
834.4	0.00014831
834.6	0.00014796
834.8	0.00014760
835	0.00014725
835.2	0.00014170
835.4	0.00013561
835.6	0.00012979
835.8	0.00012422
836	0.00011889
836.2	0.00011379
836.4	0.00010890
836.6	0.00010423
836.8	0.00009976
837	0.00009547
837.2	0.00009210
837.4	0.00009000
837.6	0.00008794
837.8	0.00008594
838	0.00008397
838.2	0.00008206
838.4	0.00008018
838.6	0.00007835
838.8	0.00007656
839	0.00007482
839.2	0.00007520
839.4	0.00007770
839.6	0.00008029
839.8	0.00008297
840	0.00008573
840.2	0.00008859
840.4	0.00009154
840.6	0.00009459
840.8	0.00009774
841	0.00010099
841.2	0.00010359
841.4	0.00010580
841.6	0.00010805
841.8	0.00011035
842	0.00011270
842.2	0.00011510
842.4	0.00011755
842.6	0.00012005
842.8	0.00012261
843	0.00012522
843.2	0.00013243
843.4	0.00014158
843.6	0.00015136
843.8	0.00016181
844	0.00017299
844.2	0.00018493
844.4	0.00019771
844.6	0.00021136
844.8	0.00022596
845	0.00024156
845.2	0.00024593
845.4	0.00024902
845.6	0.00025215
845.8	0.00025532
846	0.00025853
846.2	0.00026178
846.4	0.00026507
846.6	0.00026840
846.8	0.00027178
847	0.00027520
847.2	0.00027694
847.4	0.00027528
847.6	0.00027364
847.8	0.00027201
848	0.00027039
848.2	0.00026878
848.4	0.00026718
848.6	0.00026558
848.8	0.00026400
849	0.00026243
849.2	0.00026033
849.4	0.00025766
849.6	0.00025502
849.8	0.00025240
850	0.00024981
850.2	0.00024725
850.4	0.00024471
850.6	0.00024220
850.8	0.00023972
851	0.00023726
851.2	0.00023922
851.4	0.00024413
851.6	0.00024914
851.8	0.00025426
852	0.00025948
852.2	0.00026481
852.4	0.00027025
852.6	0.00027580
852.8	0.00028147
853	0.00028725
853.2	0.00029053
853.4	0.00029292
853.6	0.00029533
853.8	0.00029776
854	0.00030021
854.2	0.00030268
854.4	0.00030517
854.6	0.00030768
854.8	0.00031021
855	0.00031277
855.2	0.00030889
855.4	0.00030424
855.6	0.00029966
855.8	0.00029515
856	0.00029070
856.2	0.00028633
856.4	0.00028202
856.6	0.00027777
856.8	0.00027359
857	0.00026947
857.2	0.00026680
857.4	0.00026714
857.6	0.00026749
857.8	0.00026784
858	0.00026819
858.2	0.00026854
858.4	0.00026889
858.6	0.00026924
858.8	0.00026959
859	0.00026995
859.2	0.00026976
859.4	0.00026894
859.6	0.00026813
859.8	0.00026731
860	0.00026650
860.2	0.00026569
860.4	0.00026488
860.6	0.00026408
860.8	0.00026328
861	0.00026248
861.2	0.00026248
861.4	0.00026302
861.6	0.00026356
861.8	0.00026410
862	0.00026464
862.2	0.00026518
862.4	0.00026572
862.6	0.00026627
862.8	0.00026681
863	0.00026736
863.2	0.00026848
863.4	0.00026980
863.6	0.00027112
863.8	0.00027246
864	0.00027380
864.2	0.00027514
864.4	0.00027649
864.6	0.00027785
864.8	0.00027922
865	0.00028059
865.2	0.00027619
865.4	0.00027117
865.6	0.00026624
865.8	0.00026140
866	0.00025665
866.2	0.00025198
866.4	0.00024740
866.6	0.00024290
866.8	0.00023849
867	0.00023415
867.2	0.00023132
867.4	0.00023163
867.6	0.00023194
867.8	0.00023226
868	0.00023257
868.2	0.00023288
868.4	0.00023319
868.6	0.00023351
868.8	0.00023382
869	0.00023413
869.2	0.00023461
869.4	0.00023528
869.6	0.00023595
869.8	0.00023662
870	0.00023730
870.2	0.00023797
870.4	0.00023865
870.6	0.00023933
870.8	0.00024001
871	0.00024070
871.2	0.00024160
871.4	0.00024266
871.6	0.00024372
871.8	0.00024478
872	0.00024585
872.2	0.00024692
872.4	0.00024799
872.6	0.00024908
872.8	0.00025016
873	0.00025125
873.2	0.00024915
873.4	0.00024611
873.6	0.00024310
873.8	0.00024012
874	0.00023718
874.2	0.00023428
874.4	0.00023142
874.6	0.00022859
874.8	0.00022579
875	0.00022303
875.2	0.00021248
875.4	0.00020179
875.6	0.00019164
875.8	0.00018200
876	0.00017284
876.2	0.00016415
876.4	0.00015589
876.6	0.00014805
876.8	0.00014060
877	0.00013353
877.2	0.00012823
877.4	0.00012637
877.6	0.00012453
877.8	0.00012272
878	0.00012094
878.2	0.00011919
878.4	0.00011746
878.6	0.00011575
878.8	0.00011407
879	0.00011242
879.2	0.00011141
879.4	0.00011116
879.6	0.00011091
879.8	0.00011066
880	0.00011041
880.2	0.00011016
880.4	0.00010991
880.6	0.00010967
880.8	0.00010942
881	0.00010917
881.2	0.00010988
881.4	0.00011121
881.6	0.00011256
881.8	0.00011392
882	0.00011530
882.2	0.00011670
882.4	0.00011811
882.6	0.00011954
882.8	0.00012099
883	0.00012246
883.2	0.00012733
883.4	0.00013346
883.6	0.00013989
883.8	0.00014663
884	0.00015369
884.2	0.00016109
884.4	0.00016885
884.6	0.00017699
884.8	0.00018551
885	0.00019445
885.2	0.00019668
885.4	0.00019840
885.6	0.00020014
885.8	0.00020189
886	0.00020365
886.2	0.00020544
886.4	0.00020723
886.6	0.00020905
886.8	0.00021088
887	0.00021272
887.2	0.00021078
887.4	0.00020072
887.6	0.00019114
887.8	0.00018202
888	0.00017333
888.2	0.00016506
888.4	0.00015718
888.6	0.00014968
888.8	0.00014254
889	0.00013573
889.2	0.00012796
889.4	0.00011928
889.6	0.00011118
889.8	0.00010364
890	0.00009660
890.2	0.00009004
890.4	0.00008393
890.6	0.00007824
890.8	0.00007292
891	0.00006798
891.2	0.00006284
891.4	0.00005781
891.6	0.00005318
891.8	0.00004892
892	0.00004500
892.2	0.00004140
892.4	0.00003808
892.6	0.00003503
892.8	0.00003223
893	0.00002965
893.2	0.00002949
893.4	0.00002992
893.6	0.00003035
893.8	0.00003078
894	0.00003123
894.2	0.00003168
894.4	0.00003213
894.6	0.00003259
894.8	0.00003306
895	0.00003354
895.2	0.00003143
895.4	0.00002936
895.6	0.00002743
895.8	0.00002563
896	0.00002395
896.2	0.00002237
896.4	0.00002090
896.6	0.00001953
896.8	0.00001825
897	0.00001705
897.2	0.00001654
897.4	0.00001768
897.6	0.00001890
897.8	0.00002021
898	0.00002160
898.2	0.00002309
898.4	0.00002468
898.6	0.00002639
898.8	0.00002821
899	0.00003015
899.2	0.00003175
899.4	0.00003280
899.6	0.00003389
899.8	0.00003501
900	0.00003617
900.2	0.00003737
900.4	0.00003861
900.6	0.00003989
900.8	0.00004121
901	0.00004258
901.2	0.00004370
901.4	0.00004466
901.6	0.00004565
901.8	0.00004665
902	0.00004768
902.2	0.00004873
902.4	0.00004980
902.6	0.00005090
902.8	0.00005202
903	0.00005317
903.2	0.00005335
903.4	0.00005327
903.6	0.00005320
903.8	0.00005312
904	0.00005304
904.2	0.00005297
904.4	0.00005289
904.6	0.00005282
904.8	0.00005274
905	0.00005266
905.2	0.00005064
905.4	0.00004863
905.6	0.00004670
905.8	0.00004485
906	0.00004307
906.2	0.00004136
906.4	0.00003972
906.6	0.00003814
906.8	0.00003663
907	0.00003517
907.2	0.00003406
907.4	0.00003377
907.6	0.00003349
907.8	0.00003321
908	0.00003293
908.2	0.00003265
908.4	0.00003237
908.6	0.00003210
908.8	0.00003183
909	0.00003156
909.2	0.00003076
909.4	0.00002929
909.6	0.00002789
909.8	0.00002656
910	0.00002529
910.2	0.00002408
910.4	0.00002293
910.6	0.00002183
910.8	0.00002079
911	0.00001980
911.2	0.00001941
911.4	0.00001939
911.6	0.00001937
911.8	0.00001935
912	0.00001932
912.2	0.00001930
912.4	0.00001928
912.6	0.00001926
912.8	0.00001924
913	0.00001922
913.2	0.00001887
913.4	0.00001845
913.6	0.00001804
913.8	0.00001763
914	0.00001724
914.2	0.00001685
914.4	0.00001647
914.6	0.00001610
914.8	0.00001574
915	0.00001539
915.2	0.00001654
915.4	0.00001783
915.6	0.00001923
915.8	0.00002073
916	0.00002234
916.2	0.00002409
916.4	0.00002597
916.6	0.00002800
916.8	0.00003018
917	0.00003254
917.2	0.00003498
917.4	0.00003729
917.6	0.00003975
917.8	0.00004237
918	0.00004517
918.2	0.00004815
918.4	0.00005132
918.6	0.00005471
918.8	0.00005832
919	0.00006217
919.2	0.00006712
919.4	0.00007372
919.6	0.00008097
919.8	0.00008893
920	0.00009767
920.2	0.00010728
920.4	0.00011782
920.6	0.00012940
920.8	0.00014213
921	0.00015610
921.2	0.00015757
921.4	0.00015069
921.6	0.00014412
921.8	0.00013783
922	0.00013182
922.2	0.00012607
922.4	0.00012057
922.6	0.00011531
922.8	0.00011028
923	0.00010547
923.2	0.00009642
923.4	0.00008715
923.6	0.00007878
923.8	0.00007121
924	0.00006437
924.2	0.00005819
924.4	0.00005260
924.6	0.00004754
924.8	0.00004297
925	0.00003885
925.2	0.00003527
925.4	0.00003203
925.6	0.00002909
925.8	0.00002642
926	0.00002399
926.2	0.00002178
926.4	0.00001978
926.6	0.00001796
926.8	0.00001631
927	0.00001481
927.2	0.00001365
927.4	0.00001317
927.6	0.00001270
927.8	0.00001225
928	0.00001181
928.2	0.00001139
928.4	0.00001099
928.6	0.00001060
928.8	0.00001022
929	0.00000986
929.2	0.00000929
929.4	0.00000849
929.6	0.00000775
929.8	0.00000708
930	0.00000647
930.2	0.00000591
930.4	0.00000539
930.6	0.00000493
930.8	0.00000450
931	0.00000411
931.2	0.00000393
931.4	0.00000387
931.6	0.00000382
931.8	0.00000376
932	0.00000370
932.2	0.00000364
932.4	0.00000359
932.6	0.00000353
932.8	0.00000348
933	0.00000343
933.2	0.00000358
933.4	0.00000379
933.6	0.00000402
933.8	0.00000426
934	0.00000451
934.2	0.00000478
934.4	0.00000506
934.6	0.00000536
934.8	0.00000567
935	0.00000599
935.2	0.00000456
935.4	0.00000348
935.6	0.00000265
935.8	0.00000202
936	0.00000154
936.2	0.00000117
936.4	0.00000089
936.6	0.00000068
936.8	0.00000052
937	0.00000040
937.2	0.00000032
937.4	0.00000032
937.6	0.00000032
937.8	0.00000032
938	0.00000032
938.2	0.00000032
938.4	0.00000032
938.6	0.00000032
938.8	0.00000033
939	0.00000033
939.2	0.00000039
939.4	0.00000059
939.6	0.00000090
939.8	0.00000137
940	0.00000208
940.2	0.00000315
940.4	0.00000478
940.6	0.00000726
940.8	0.00001102
941	0.00001672
941.2	0.00001988
941.4	0.00002060
941.6	0.00002134
941.8	0.00002211
942	0.00002291
942.2	0.00002374
942.4	0.00002460
942.6	0.00002549
942.8	0.00002641
943	0.00002736
943.2	0.00002835
943.4	0.00002938
943.6	0.00003044
943.8	0.00003154
944	0.00003268
944.2	0.00003387
944.4	0.00003509
944.6	0.00003636
944.8	0.00003768
945	0.00003910
945.2	0.00004190
945.4	0.00004490
945.6	0.00004812
945.8	0.00005157
946	0.00005527
946.2	0.00005923
946.4	0.00006347
946.6	0.00006802
946.8	0.00007290
947	0.00007812
947.2	0.00008358
947.4	0.00008888
947.6	0.00009451
947.8	0.00010050
948	0.00010687
948.2	0.00011365
948.4	0.00012085
948.6	0.00012851
948.8	0.00013666
949	0.00014532
949.2	0.00015205
949.4	0.00015556
949.6	0.00015916
949.8	0.00016285
950	0.00016662
950.2	0.00017047
950.4	0.00017442
950.6	0.00017845
950.8	0.00018258
951	0.00018681
951.2	0.00018830
951.4	0.00018811
951.6	0.00018793
951.8	0.00018774
952	0.00018756
952.2	0.00018737
952.4	0.00018718
952.6	0.00018700
952.8	0.00018681
953	0.00018663
953.2	0.00018474
953.4	0.00018254
953.6	0.00018036
953.8	0.00017821
954	0.00017609
954.2	0.00017399
954.4	0.00017191
954.6	0.00016986
954.8	0.00016784
955	0.00016602
955.2	0.00016807
955.4	0.00017016
955.6	0.00017226
955.8	0.00017439
956	0.00017655
956.2	0.00017874
956.4	0.00018095
956.6	0.00018319
956.8	0.00018546
957	0.00018776
957.2	0.00018982
957.4	0.00019082
957.6	0.00019183
957.8	0.00019284
958	0.00019386
958.2	0.00019489
958.4	0.00019592
958.6	0.00019695
958.8	0.00019799
959	0.00019904
959.2	0.00019931
959.4	0.00019845
959.6	0.00019758
959.8	0.00019672
960	0.00019587
960.2	0.00019502
960.4	0.00019417
960.6	0.00019332
960.8	0.00019248
961	0.00019165
961.2	0.00018557
961.4	0.00017657
961.6	0.00016801
961.8	0.00015986
962	0.00015211
962.2	0.00014474
962.4	0.00013772
962.6	0.00013104
962.8	0.00012469
963	0.00011864
963.2	0.00011465
963.4	0.00011114
963.6	0.00010775
963.8	0.00010445
964	0.00010126
964.2	0.00009816
964.4	0.00009516
964.6	0.00009225
964.8	0.00008943
965	0.00008666
965.2	0.00008328
965.4	0.00008004
965.6	0.00007692
965.8	0.00007392
966	0.00007104
966.2	0.00006827
966.4	0.00006561
966.6	0.00006305
966.8	0.00006059
967	0.00005823
967.2	0.00005629
967.4	0.00005562
967.6	0.00005495
967.8	0.00005430
968	0.00005365
968.2	0.00005302
968.4	0.00005239
968.6	0.00005176
968.8	0.00005115
969	0.00005054
969.2	0.00005081
969.4	0.00005230
969.6	0.00005383
969.8	0.00005540
970	0.00005703
970.2	0.00005870
970.4	0.00006042
970.6	0.00006218
970.8	0.00006401
971	0.00006588
971.2	0.00006679
971.4	0.00006716
971.6	0.00006752
971.8	0.00006789
972	0.00006826
972.2	0.00006863
972.4	0.00006901
972.6	0.00006938
972.8	0.00006976
973	0.00007014
973.2	0.00007215
973.4	0.00007447
973.6	0.00007688
973.8	0.00007935
974	0.00008191
974.2	0.00008455
974.4	0.00008728
974.6	0.00009010
974.8	0.00009300
975	0.00009586
975.2	0.00009740
975.4	0.00009896
975.6	0.00010055
975.8	0.00010216
976	0.00010380
976.2	0.00010547
976.4	0.00010716
976.6	0.00010888
976.8	0.00011062
977	0.00011240
977.2	0.00011392
977.4	0.00011397
977.6	0.00011402
977.8	0.00011407
978	0.00011412
978.2	0.00011417
978.4	0.00011422
978.6	0.00011428
978.8	0.00011433
979	0.00011438
979.2	0.00011403
979.4	0.00011304
979.6	0.00011206
979.8	0.00011109
980	0.00011013
980.2	0.00010918
980.4	0.00010824
980.6	0.00010730
980.8	0.00010637
981	0.00010545
981.2	0.00010353
981.4	0.00010102
981.6	0.00009857
981.8	0.00009618
982	0.00009384
982.2	0.00009156
982.4	0.00008934
982.6	0.00008717
982.8	0.00008506
983	0.00008299
983.2	0.00008249
983.4	0.00008228
983.6	0.00008207
983.8	0.00008186
984	0.00008164
984.2	0.00008143
984.4	0.00008123
984.6	0.00008102
984.8	0.00008081
985	0.00008083
985.2	0.00008397
985.4	0.00008724
985.6	0.00009063
985.8	0.00009415
986	0.00009781
986.2	0.00010161
986.4	0.00010556
986.6	0.00010966
986.8	0.00011392
987	0.00011835
987.2	0.00012250
987.4	0.00012469
987.6	0.00012691
987.8	0.00012918
988	0.00013149
988.2	0.00013384
988.4	0.00013623
988.6	0.00013867
988.8	0.00014115
989	0.00014367
989.2	0.00014543
989.4	0.00014605
989.6	0.00014668
989.8	0.00014730
990	0.00014793
990.2	0.00014856
990.4	0.00014920
990.6	0.00014984
990.8	0.00015047
991	0.00015112
991.2	0.00015114
991.4	0.00015083
991.6	0.00015051
991.8	0.00015020
992	0.00014988
992.2	0.00014957
992.4	0.00014926
992.6	0.00014895
992.8	0.00014864
993	0.00014833
993.2	0.00014120
993.4	0.00013355
993.6	0.00012631
993.8	0.00011947
994	0.00011300
994.2	0.00010688
994.4	0.00010109
994.6	0.00009561
994.8	0.00009043
995	0.00008573
995.2	0.00008268
995.4	0.00007973
995.6	0.00007689
995.8	0.00007415
996	0.00007151
996.2	0.00006896
996.4	0.00006650
996.6	0.00006413
996.8	0.00006185
997	0.00005964
997.2	0.00005772
997.4	0.00005735
997.6	0.00005697
997.8	0.00005660
998	0.00005623
998.2	0.00005587
998.4	0.00005550
998.6	0.00005514
998.8	0.00005478
999	0.00005443
999.2	0.00005420
999.4	0.00005420
999.6	0.00005420
999.8	0.00005420
1000	0.00005419
1000.2	0.00005419
1000.4	0.00005419
1000.6	0.00005419
1000.8	0.00005419
1001	0.00005419
1001.2	0.00005382
1001.4	0.00005321
1001.6	0.00005262
1001.8	0.00005202
1002	0.00005144
1002.2	0.00005086
1002.4	0.00005029
1002.6	0.00004972
1002.8	0.00004916
1003	0.00004861
1003.2	0.00005044
1003.4	0.00005282
1003.6	0.00005532
1003.8	0.00005793
1004	0.00006067
1004.2	0.00006354
1004.4	0.00006654
1004.6	0.00006969
1004.8	0.00007298
1005	0.00007815
1005.2	0.00010487
1005.4	0.00014071
1005.6	0.00018881
1005.8	0.00025335
1006	0.00033995
1006.2	0.00045356
1006.4	0.00040349
1006.6	0.00022088
1006.8	0.00054132
1007	0.00018418
1007.2	0.00058098
1007.4	0.00051277
1007.6	0.00023154
1007.8	0.00032416
1008	0.00006061
1008.2	0.00062519
1008.4	0.00033127
1008.6	0.00039070
1008.8	0.00055887
1009	0.00036977
1009.2	0.00068340
1009.4	0.00022206
1009.6	0.00054464
1009.8	0.00018612
1010	0.00060982
1010.2	0.00035982
1010.4	0.00054697
1010.6	0.00040969
1010.8	0.00058392
1011	0.00032772
1011.2	0.00047518
1011.4	0.00056339
1011.6	0.00084347
1011.8	0.00079812
1012	0.00070493
1012.2	0.00077089
1012.4	0.00107350
1012.6	0.00115760
1012.8	0.00097876
1013	0.00104250
1013.2	0.00124080
1013.4	0.00126020
1013.6	0.00154690
1013.8	0.00160410
1014	0.00198510
1014.2	0.00206350
1014.4	0.00191500
1014.6	0.00219720
1014.8	0.00324160
1015	0.00353660
1015.2	0.00352450
1015.4	0.00463560
1015.6	0.00499410
1015.8	0.00629870
1016	0.00733550
1016.2	0.00872460
1016.4	0.01113200
1016.6	0.01424000
1016.8	0.01946700
1017	0.02592500
1017.2	0.03844600
1017.4	0.05646000
1017.6	0.09020000
1017.8	0.15800000
1018	0.32800000
1018.2	0.72700000
1018.4	1.05300000
1018.6	0.68300000
1018.8	0.32000000
1019	0.17600000
1019.2	0.11000000
1019.4	0.07642600
1019.6	0.05742700
1019.8	0.04316100
1020	0.03687800
1020.2	0.03116700
1020.4	0.02607000
1020.6	0.02187100
1020.8	0.02054600
1021	0.01902800
1021.2	0.01816200
1021.4	0.01644600
1021.6	0.01462800
1021.8	0.01316000
1022	0.01246600
1022.2	0.01308700
1022.4	0.01298000
1022.6	0.01182500
1022.8	0.01189300
1023	0.01082600
1023.2	0.01137100
1023.4	0.01181200
1023.6	0.01124500
1023.8	0.01111800
1024	0.01157900
1024.2	0.01259900
1024.4	0.01139600
1024.6	0.01202500
1024.8	0.01196500
1025	0.01256700
1025.2	0.01251500
1025.4	0.01284100
1025.6	0.01352700
1025.8	0.01424100
1026	0.01451600
1026.2	0.01519300
1026.4	0.01621300
1026.6	0.01657900
1026.8	0.01738800
1027	0.01756000
1027.2	0.01898800
1027.4	0.01983100
1027.6	0.02045400
1027.8	0.02195800
1028	0.02301900
1028.2	0.02433000
1028.4	0.02665100
1028.6	0.02777900
1028.8	0.02936000
1029	0.03130500
1029.2	0.03415700
1029.4	0.03539600
1029.6	0.03770900
1029.8	0.04174100
1030	0.04344100
1030.2	0.04657000
1030.4	0.05022200
1030.6	0.05253600
1030.8	0.05572600
1031	0.06080600
1031.2	0.06415700
1031.4	0.06721900
1031.6	0.07265200
1031.8	0.07805200
1032	0.08273700
1032.2	0.08554200
1032.4	0.09156700
1032.6	0.09520000
1032.8	0.09945300
1033	0.10500000
1033.2	0.10700000
1033.4	0.11500000
1033.6	0.11700000
1033.8	0.12000000
1034	0.12800000
1034.2	0.13200000
1034.4	0.13700000
1034.6	0.14000000
1034.8	0.14500000
1035	0.15100000
1035.2	0.15400000
1035.4	0.16100000
1035.6	0.16600000
1035.8	0.17300000
1036	0.18000000
1036.2	0.18400000
1036.4	0.19400000
1036.6	0.20500000
1036.8	0.21500000
1037	0.22200000
1037.2	0.23700000
1037.4	0.24900000
1037.6	0.26300000
1037.8	0.28100000
1038	0.30000000
1038.2	0.32400000
1038.4	0.34500000
1038.6	0.37800000
1038.8	0.40600000
1039	0.44500000
1039.2	0.49300000
1039.4	0.54300000
1039.6	0.59900000
1039.8	0.66700000
1040	0.74500000
1040.2	0.82400000
1040.4	0.93300000
1040.6	1.05700000
1040.8	1.19000000
1041	1.32400000
1041.2	1.48700000
1041.4	1.64000000
1041.6	1.79300000
1041.8	1.91800000
1042	2.01500000
1042.2	2.06800000
1042.4	2.06700000
1042.6	2.01700000
1042.8	1.93600000
1043	1.82200000
1043.2	1.70700000
1043.4	1.56900000
1043.6	1.43200000
1043.8	1.31200000
1044	1.20400000
1044.2	1.10800000
1044.4	1.01600000
1044.6	0.93700000
1044.8	0.87300000
1045	0.81000000
1045.2	0.76200000
1045.4	0.71900000
1045.6	0.67600000
1045.8	0.64600000
1046	0.61100000
1046.2	0.58500000
1046.4	0.56100000
1046.6	0.54000000
1046.8	0.53300000
1047	0.51500000
1047.2	0.50600000
1047.4	0.50000000
1047.6	0.49500000
1047.8	0.49700000
1048	0.49000000
1048.2	0.49300000
1048.4	0.49200000
1048.6	0.49500000
1048.8	0.49600000
1049	0.50900000
1049.2	0.52200000
1049.4	0.53800000
1049.6	0.55100000
1049.8	0.57200000
1050	0.59300000
1050.2	0.61900000
1050.4	0.64200000
1050.6	0.67300000
1050.8	0.72100000
1051	0.75500000
1051.2	0.80400000
1051.4	0.85900000
1051.6	0.91400000
1051.8	0.98700000
1052	1.06500000
1052.2	1.15700000
1052.4	1.26100000
1052.6	1.38400000
1052.8	1.50800000
1053	1.67300000
1053.2	1.84800000
1053.4	2.04100000
1053.6	2.26300000
1053.8	2.48700000
1054	2.73900000
1054.2	2.98000000
1054.4	3.21100000
1054.6	3.42300000
1054.8	3.58500000
1055	3.67100000
1055.2	3.68300000
1055.4	3.63300000
1055.6	3.51500000
1055.8	3.31300000
1056	3.09500000
1056.2	2.85500000
1056.4	2.63400000
1056.6	2.40800000
1056.8	2.19200000
1057	2.00400000
1057.2	1.83900000
1057.4	1.67900000
1057.6	1.55600000
1057.8	1.42000000
1058	1.31700000
1058.2	1.22600000
1058.4	1.13900000
1058.6	1.06700000
1058.8	1.00800000
1059	0.94900000
1059.2	0.89400000
1059.4	0.84600000
1059.6	0.81200000
1059.8	0.77600000
1060	0.74900000
1060.2	0.72500000
1060.4	0.69700000
1060.6	0.68200000
1060.8	0.65800000
1061	0.64200000
1061.2	0.63000000
1061.4	0.61700000
1061.6	0.60700000
1061.8	0.60400000
1062	0.59900000
1062.2	0.59300000
1062.4	0.58700000
1062.6	0.58800000
1062.8	0.58400000
1063	0.59100000
1063.2	0.59100000
1063.4	0.59400000
1063.6	0.60100000
1063.8	0.60800000
1064	0.61900000
1064.2	0.62500000
1064.4	0.62900000
1064.6	0.65600000
1064.8	0.66600000
1065	0.68700000
1065.2	0.70400000
1065.4	0.72100000
1065.6	0.74500000
1065.8	0.77100000
1066	0.78300000
1066.2	0.78000000
1066.4	0.82300000
1066.6	0.86500000
1066.8	0.89000000
1067	0.93000000
1067.2	1.00400000
1067.4	1.04900000
1067.6	1.10600000
1067.8	1.15500000
1068	1.24300000
1068.2	1.31200000
1068.4	1.39300000
1068.6	1.50700000
1068.8	1.61000000
1069	1.68400000
1069.2	1.84800000
1069.4	2.00000000
1069.6	2.13600000
1069.8	2.33200000
1070	2.51400000
1070.2	2.72100000
1070.4	2.94800000
1070.6	3.22500000
1070.8	3.52000000
1071	3.80800000
1071.2	4.14600000
1071.4	4.49100000
1071.6	4.91700000
1071.8	5.32300000
1072	5.71200000
1072.2	6.18500000
1072.4	6.62800000
1072.6	7.01200000
1072.8	7.44500000
1073	7.81000000
1073.2	8.16000000
1073.4	8.40000000
1073.6	8.61600000
1073.8	8.72600000
1074	8.83700000
1074.2	8.75700000
1074.4	8.75200000
1074.6	8.59400000
1074.8	8.51200000
1075	8.39500000
1075.2	8.20900000
1075.4	7.98900000
1075.6	7.80200000
1075.8	7.62400000
1076	7.41200000
1076.2	7.18600000
1076.4	7.01800000
1076.6	6.83400000
1076.8	6.71300000
1077	6.55600000
1077.2	6.45500000
1077.4	6.43100000
1077.6	6.28600000
1077.8	6.19600000
1078	6.10300000
1078.2	6.09200000
1078.4	6.02700000
1078.6	6.03300000
1078.8	6.02700000
1079	6.00200000
1079.2	6.09000000
1079.4	6.08000000
1079.6	6.13300000
1079.8	6.17900000
1080	6.27100000
1080.2	6.35900000
1080.4	6.45400000
1080.6	6.56000000
1080.8	6.68800000
1081	6.76400000
1081.2	6.93000000
1081.4	7.12200000
1081.6	7.27000000
1081.8	7.47800000
1082	7.65200000
1082.2	7.80500000
1082.4	8.09700000
1082.6	8.26900000
1082.8	8.56300000
1083	8.79800000
1083.2	9.11000000
1083.4	9.37400000
1083.6	9.75800000
1083.8	10.00000000
1084	10.30000000
1084.2	10.70000000
1084.4	11.00000000
1084.6	11.40000000
1084.8	11.80000000
1085	12.00000000
1085.2	12.40000000
1085.4	12.70000000
1085.6	13.10000000
1085.8	13.40000000
1086	13.80000000
1086.2	14.10000000
1086.4	14.40000000
1086.6	14.70000000
1086.8	15.00000000
1087	15.30000000
1087.2	15.60000000
1087.4	15.90000000
1087.6	16.10000000
1087.8	16.40000000
1088	16.60000000
1088.2	16.90000000
1088.4	17.10000000
1088.6	17.40000000
1088.8	17.60000000
1089	17.80000000
1089.2	18.00000000
1089.4	18.30000000
1089.6	18.60000000
1089.8	18.90000000
1090	19.20000000
1090.2	19.50000000
1090.4	19.80000000
1090.6	20.10000000
1090.8	20.40000000
1091	20.30000000
1091.2	20.10000000
1091.4	20.50000000
1091.6	21.00000000
1091.8	21.40000000
1092	21.90000000
1092.2	22.40000000
1092.4	22.90000000
1092.6	23.70000000
1092.8	24.20000000
1093	24.90000000
1093.2	25.50000000
1093.4	26.20000000
1093.6	27.10000000
1093.8	27.80000000
1094	28.70000000
1094.2	29.60000000
1094.4	30.60000000
1094.6	31.50000000
1094.8	32.60000000
1095	33.70000000
1095.2	34.70000000
1095.4	35.90000000
1095.6	37.00000000
1095.8	38.10000000
1096	39.10000000
1096.2	40.20000000
1096.4	41.20000000
1096.6	42.00000000
1096.8	43.00000000
1097	43.70000000
1097.2	44.50000000
1097.4	45.00000000
1097.6	45.40000000
1097.8	45.90000000
1098	46.10000000
1098.2	46.20000000
1098.4	46.20000000
1098.6	46.10000000
1098.8	46.00000000
1099	45.50000000
1099.2	45.30000000
1099.4	44.80000000
1099.6	44.50000000
1099.8	44.00000000
1100	43.20000000
1100.2	42.70000000
1100.4	42.10000000
1100.6	41.70000000
1100.8	40.90000000
1101	40.50000000
1101.2	39.90000000
1101.4	39.40000000
1101.6	39.00000000
1101.8	38.50000000
1102	38.10000000
1102.2	37.70000000
1102.4	37.40000000
1102.6	37.20000000
1102.8	37.00000000
1103	36.60000000
1103.2	36.60000000
1103.4	36.40000000
1103.6	36.50000000
1103.8	36.60000000
1104	36.60000000
1104.2	36.80000000
1104.4	37.10000000
1104.6	37.30000000
1104.8	37.60000000
1105	38.10000000
1105.2	38.60000000
1105.4	39.00000000
1105.6	39.70000000
1105.8	40.30000000
1106	41.20000000
1106.2	42.10000000
1106.4	42.90000000
1106.6	44.00000000
1106.8	45.00000000
1107	46.20000000
1107.2	47.50000000
1107.4	48.90000000
1107.6	50.10000000
1107.8	51.70000000
1108	53.40000000
1108.2	54.80000000
1108.4	56.70000000
1108.6	58.60000000
1108.8	60.40000000
1109	62.30000000
1109.2	64.50000000
1109.4	66.30000000
1109.6	68.30000000
1109.8	70.10000000
1110	71.80000000
1110.2	73.70000000
1110.4	75.40000000
1110.6	77.10000000
1110.8	78.20000000
1111	79.50000000
1111.2	80.20000000
1111.4	80.90000000
1111.6	81.50000000
1111.8	81.60000000
1112	81.70000000
1112.2	81.30000000
1112.4	80.60000000
1112.6	79.90000000
1112.8	79.00000000
1113	77.80000000
1113.2	76.50000000
1113.4	75.20000000
1113.6	73.60000000
1113.8	71.80000000
1114	70.20000000
1114.2	68.50000000
1114.4	67.10000000
1114.6	65.40000000
1114.8	63.80000000
1115	62.10000000
1115.2	60.60000000
1115.4	59.10000000
1115.6	57.80000000
1115.8	56.60000000
1116	55.40000000
1116.2	54.40000000
1116.4	53.10000000
1116.6	51.90000000
1116.8	51.00000000
1117	50.00000000
1117.2	49.50000000
1117.4	48.60000000
1117.6	47.90000000
1117.8	47.30000000
1118	47.00000000
1118.2	46.50000000
1118.4	46.00000000
1118.6	45.70000000
1118.8	45.40000000
1119	45.30000000
1119.2	45.00000000
1119.4	45.10000000
1119.6	45.10000000
1119.8	45.10000000
1120	45.30000000
1120.2	45.40000000
1120.4	45.80000000
1120.6	45.90000000
1120.8	46.00000000
1121	46.50000000
1121.2	46.90000000
1121.4	47.50000000
1121.6	47.90000000
1121.8	48.50000000
1122	48.80000000
1122.2	49.60000000
1122.4	50.40000000
1122.6	51.20000000
1122.8	52.00000000
1123	52.80000000
1123.2	53.90000000
1123.4	54.90000000
1123.6	56.00000000
1123.8	57.10000000
1124	58.30000000
1124.2	59.50000000
1124.4	60.80000000
1124.6	62.10000000
1124.8	63.40000000
1125	64.80000000
1125.2	66.30000000
1125.4	67.80000000
1125.6	69.30000000
1125.8	70.90000000
1126	72.50000000
1126.2	73.90000000
1126.4	75.40000000
1126.6	76.90000000
1126.8	78.50000000
1127	80.00000000
1127.2	81.40000000
1127.4	82.70000000
1127.6	84.10000000
1127.8	85.50000000
1128	86.90000000
1128.2	87.90000000
1128.4	88.90000000
1128.6	90.00000000
1128.8	91.00000000
1129	92.00000000
1129.2	92.60000000
1129.4	93.10000000
1129.6	93.60000000
1129.8	94.20000000
1130	94.70000000
1130.2	94.90000000
1130.4	95.10000000
1130.6	95.30000000
1130.8	95.50000000
1131	95.70000000
1131.2	95.60000000
1131.4	95.60000000
1131.6	95.50000000
1131.8	95.40000000
1132	95.40000000
1132.2	95.30000000
1132.4	95.10000000
1132.6	95.00000000
1132.8	94.80000000
1133	94.70000000
1133.2	94.60000000
1133.4	94.50000000
1133.6	94.40000000
1133.8	94.30000000
1134	94.20000000
1134.2	94.10000000
1134.4	94.00000000
1134.6	94.00000000
1134.8	93.90000000
1135	93.90000000
1135.2	93.90000000
1135.4	93.90000000
1135.6	93.90000000
1135.8	94.00000000
1136	94.00000000
1136.2	94.10000000
1136.4	94.20000000
1136.6	94.30000000
1136.8	94.50000000
1137	94.60000000
1137.2	94.70000000
1137.4	94.90000000
1137.6	95.00000000
1137.8	95.20000000
1138	95.30000000
1138.2	95.40000000
1138.4	95.40000000
1138.6	95.50000000
1138.8	95.50000000
1139	95.50000000
1139.2	95.50000000
1139.4	95.40000000
1139.6	95.40000000
1139.8	95.30000000
1140	95.20000000
1140.2	95.00000000
1140.4	94.70000000
1140.6	94.40000000
1140.8	94.20000000
1141	93.90000000
1141.2	93.40000000
1141.4	92.90000000
1141.6	92.30000000
1141.8	91.80000000
1142	91.30000000
1142.2	90.60000000
1142.4	89.80000000
1142.6	89.10000000
1142.8	88.40000000
1143	87.70000000
1143.2	86.70000000
1143.4	85.80000000
1143.6	84.90000000
1143.8	83.90000000
1144	83.00000000
1144.2	81.90000000
1144.4	80.80000000
1144.6	79.80000000
1144.8	78.70000000
1145	77.70000000
1145.2	76.50000000
1145.4	75.40000000
1145.6	74.30000000
1145.8	73.20000000
1146	72.10000000
1146.2	70.80000000
1146.4	69.60000000
1146.6	68.30000000
1146.8	67.10000000
1147	65.90000000
1147.2	64.70000000
1147.4	63.50000000
1147.6	62.30000000
1147.8	61.10000000
1148	60.00000000
1148.2	58.80000000
1148.4	57.60000000
1148.6	56.50000000
1148.8	55.40000000
1149	54.30000000
1149.2	53.20000000
1149.4	52.10000000
1149.6	51.10000000
1149.8	50.10000000
1150	49.10000000
1150.2	48.00000000
1150.4	47.00000000
1150.6	46.00000000
1150.8	45.10000000
1151	44.10000000
1151.2	43.30000000
1151.4	42.40000000
1151.6	41.60000000
1151.8	40.80000000
1152	40.00000000
1152.2	39.20000000
1152.4	38.50000000
1152.6	37.80000000
1152.8	37.10000000
1153	36.40000000
1153.2	35.70000000
1153.4	35.10000000
1153.6	34.40000000
1153.8	33.80000000
1154	33.20000000
1154.2	32.70000000
1154.4	32.20000000
1154.6	31.70000000
1154.8	31.20000000
1155	30.70000000
1155.2	30.40000000
1155.4	30.00000000
1155.6	29.70000000
1155.8	29.30000000
1156	29.00000000
1156.2	28.70000000
1156.4	28.40000000
1156.6	28.10000000
1156.8	27.80000000
1157	27.60000000
1157.2	27.40000000
1157.4	27.30000000
1157.6	27.10000000
1157.8	27.00000000
1158	26.80000000
1158.2	26.80000000
1158.4	26.70000000
1158.6	26.60000000
1158.8	26.60000000
1159	26.50000000
1159.2	26.50000000
1159.4	26.60000000
1159.6	26.60000000
1159.8	26.70000000
1160	26.70000000
1160.2	26.90000000
1160.4	27.10000000
1160.6	27.20000000
1160.8	27.40000000
1161	27.60000000
1161.2	27.90000000
1161.4	28.20000000
1161.6	28.50000000
1161.8	28.80000000
1162	29.10000000
1162.2	29.50000000
1162.4	30.00000000
1162.6	30.50000000
1162.8	31.00000000
1163	31.50000000
1163.2	32.10000000
1163.4	32.80000000
1163.6	33.50000000
1163.8	34.20000000
1164	34.90000000
1164.2	35.70000000
1164.4	36.60000000
1164.6	37.50000000
1164.8	38.40000000
1165	39.30000000
1165.2	40.50000000
1165.4	41.80000000
1165.6	43.00000000
1165.8	44.30000000
1166	45.70000000
1166.2	47.20000000
1166.4	48.70000000
1166.6	50.40000000
1166.8	52.00000000
1167	53.70000000
1167.2	55.60000000
1167.4	57.50000000
1167.6	59.60000000
1167.8	61.60000000
1168	63.80000000
1168.2	65.90000000
1168.4	68.20000000
1168.6	70.50000000
1168.8	72.90000000
1169	75.30000000
1169.2	77.40000000
1169.4	79.50000000
1169.6	81.70000000
1169.8	84.00000000
1170	86.30000000
1170.2	87.80000000
1170.4	89.30000000
1170.6	90.90000000
1170.8	92.40000000
1171	94.00000000
1171.2	94.30000000
1171.4	94.60000000
1171.6	94.90000000
1171.8	95.20000000
1172	95.50000000
1172.2	94.50000000
1172.4	93.60000000
1172.6	92.60000000
1172.8	91.60000000
1173	90.70000000
1173.2	89.00000000
1173.4	87.30000000
1173.6	85.70000000
1173.8	84.10000000
1174	82.50000000
1174.2	80.50000000
1174.4	78.50000000
1174.6	76.60000000
1174.8	74.70000000
1175	72.90000000
1175.2	71.20000000
1175.4	69.50000000
1175.6	67.90000000
1175.8	66.20000000
1176	64.70000000
1176.2	63.20000000
1176.4	61.80000000
1176.6	60.40000000
1176.8	59.10000000
1177	57.80000000
1177.2	56.70000000
1177.4	55.70000000
1177.6	54.70000000
1177.8	53.80000000
1178	52.80000000
1178.2	52.10000000
1178.4	51.30000000
1178.6	50.60000000
1178.8	49.90000000
1179	49.20000000
1179.2	48.80000000
1179.4	48.40000000
1179.6	48.00000000
1179.8	47.60000000
1180	47.20000000
1180.2	47.00000000
1180.4	46.70000000
1180.6	46.50000000
1180.8	46.30000000
1181	46.00000000
1181.2	46.10000000
1181.4	46.20000000
1181.6	46.20000000
1181.8	46.30000000
1182	46.40000000
1182.2	46.60000000
1182.4	46.80000000
1182.6	46.90000000
1182.8	47.10000000
1183	47.30000000
1183.2	47.80000000
1183.4	48.20000000
1183.6	48.70000000
1183.8	49.20000000
1184	49.60000000
1184.2	50.20000000
1184.4	50.80000000
1184.6	51.40000000
1184.8	52.00000000
1185	52.60000000
1185.2	53.40000000
1185.4	54.20000000
1185.6	55.00000000
1185.8	55.80000000
1186	56.70000000
1186.2	57.60000000
1186.4	58.50000000
1186.6	59.40000000
1186.8	60.30000000
1187	61.30000000
1187.2	62.20000000
1187.4	63.20000000
1187.6	64.20000000
1187.8	65.20000000
1188	66.20000000
1188.2	67.20000000
1188.4	68.20000000
1188.6	69.20000000
1188.8	70.30000000
1189	71.30000000
1189.2	72.10000000
1189.4	73.00000000
1189.6	73.80000000
1189.8	74.60000000
1190	75.50000000
1190.2	76.10000000
1190.4	76.70000000
1190.6	77.30000000
1190.8	77.90000000
1191	78.50000000
1191.2	78.70000000
1191.4	78.90000000
1191.6	79.10000000
1191.8	79.30000000
1192	79.50000000
1192.2	79.50000000
1192.4	79.50000000
1192.6	79.40000000
1192.8	79.40000000
1193	79.40000000
1193.2	79.00000000
1193.4	78.60000000
1193.6	78.20000000
1193.8	77.80000000
1194	77.40000000
1194.2	77.00000000
1194.4	76.50000000
1194.6	76.00000000
1194.8	75.60000000
1195	75.10000000
1195.2	74.60000000
1195.4	74.10000000
1195.6	73.50000000
1195.8	73.00000000
1196	72.50000000
1196.2	72.00000000
1196.4	71.40000000
1196.6	70.90000000
1196.8	70.40000000
1197	69.90000000
1197.2	69.60000000
1197.4	69.20000000
1197.6	68.90000000
1197.8	68.50000000
1198	68.20000000
1198.2	67.90000000
1198.4	67.60000000
1198.6	67.30000000
1198.8	67.00000000
1199	66.70000000
1199.2	66.60000000
1199.4	66.50000000
1199.6	66.30000000
1199.8	66.20000000
1200	66.10000000
1200.2	66.20000000
1200.4	66.30000000
1200.6	66.30000000
1200.8	66.40000000
1201	66.40000000
