Wavelength (nm)	% Transmission
270	0.00419900
270.2	0.00417670
270.4	0.00415440
270.6	0.00413230
270.8	0.00411030
271	0.00408850
271.2	0.00406670
271.4	0.00404510
271.6	0.00402350
271.8	0.00400210
272	0.00398080
272.2	0.00395960
272.4	0.00393860
272.6	0.00391760
272.8	0.00374210
273	0.00348310
273.2	0.00324210
273.4	0.00301770
273.6	0.00280890
273.8	0.00261450
274	0.00243350
274.2	0.00226510
274.4	0.00210840
274.6	0.00196250
274.8	0.00182660
275	0.00170020
275.2	0.00165550
275.4	0.00161200
275.6	0.00156960
275.8	0.00152840
276	0.00148820
276.2	0.00144910
276.4	0.00141100
276.6	0.00137390
276.8	0.00133770
277	0.00130260
277.2	0.00126830
277.4	0.00123500
277.6	0.00120250
277.8	0.00119970
278	0.00120980
278.2	0.00122000
278.4	0.00123020
278.6	0.00124050
278.8	0.00125100
279	0.00126150
279.2	0.00127210
279.4	0.00128270
279.6	0.00129350
279.8	0.00130440
280	0.00131530
280.2	0.00132640
280.4	0.00133750
280.6	0.00134880
280.8	0.00136010
281	0.00137150
281.2	0.00138300
281.4	0.00139460
281.6	0.00140630
281.8	0.00129750
282	0.00117230
282.2	0.00105920
282.4	0.00095705
282.6	0.00086472
282.8	0.00078131
283	0.00070594
283.2	0.00063784
283.4	0.00057631
283.6	0.00052072
283.8	0.00047049
284	0.00042510
284.2	0.00038409
284.4	0.00034704
284.6	0.00031356
284.8	0.00028332
285	0.00025599
285.2	0.00023129
285.4	0.00020898
285.6	0.00018882
285.8	0.00020275
286	0.00022034
286.2	0.00023945
286.4	0.00026022
286.6	0.00028279
286.8	0.00030731
287	0.00033397
287.2	0.00036294
287.4	0.00039442
287.6	0.00042863
287.8	0.00046580
288	0.00050620
288.2	0.00055011
288.4	0.00059783
288.6	0.00064968
288.8	0.00070603
289	0.00076727
289.2	0.00083382
289.4	0.00090614
289.6	0.00097827
289.8	0.00096063
290	0.00094331
290.2	0.00092630
290.4	0.00090960
290.6	0.00089321
290.8	0.00087710
291	0.00086129
291.2	0.00084576
291.4	0.00083052
291.6	0.00081554
291.8	0.00080084
292	0.00078640
292.2	0.00077222
292.4	0.00075830
292.6	0.00074463
292.8	0.00073121
293	0.00071802
293.2	0.00070508
293.4	0.00069237
293.6	0.00066263
293.8	0.00057400
294	0.00049722
294.2	0.00043071
294.4	0.00037310
294.6	0.00032319
294.8	0.00027996
295	0.00024251
295.2	0.00022120
295.4	0.00020176
295.6	0.00019417
295.8	0.00020435
296	0.00021506
296.2	0.00022633
296.4	0.00023820
296.6	0.00025068
296.8	0.00026382
297	0.00027765
297.2	0.00029221
297.4	0.00030752
297.6	0.00032364
297.8	0.00034061
298	0.00035846
298.2	0.00037725
298.4	0.00039703
298.6	0.00041784
298.8	0.00043975
299	0.00046280
299.2	0.00048706
299.4	0.00051259
299.6	0.00053464
299.8	0.00050932
300	0.00048520
300.2	0.00046222
300.4	0.00044033
300.6	0.00041948
300.8	0.00039961
301	0.00038068
301.2	0.00036265
301.4	0.00034548
301.6	0.00032912
301.8	0.00031353
302	0.00029868
302.2	0.00028453
302.4	0.00027106
302.6	0.00025822
302.8	0.00024599
303	0.00023434
303.2	0.00022324
303.4	0.00021267
303.6	0.00020260
303.8	0.00022534
304	0.00025990
304.2	0.00029977
304.4	0.00034576
304.6	0.00039880
304.8	0.00045997
305	0.00053053
305.2	0.00055266
305.4	0.00057571
305.6	0.00059972
305.8	0.00062474
306	0.00065079
306.2	0.00067794
306.4	0.00070622
306.6	0.00073567
306.8	0.00076004
307	0.00076907
307.2	0.00077822
307.4	0.00078747
307.6	0.00079683
307.8	0.00080630
308	0.00081588
308.2	0.00082558
308.4	0.00083539
308.6	0.00084532
308.8	0.00085537
309	0.00086553
309.2	0.00087582
309.4	0.00088623
309.6	0.00089677
309.8	0.00090742
310	0.00091821
310.2	0.00092912
310.4	0.00094017
310.6	0.00095134
310.8	0.00096265
311	0.00096598
311.2	0.00096881
311.4	0.00097165
311.6	0.00097450
311.8	0.00097735
312	0.00098021
312.2	0.00098308
312.4	0.00098596
312.6	0.00098885
312.8	0.00099175
313	0.00099465
313.2	0.00099756
313.4	0.00100050
313.6	0.00100340
313.8	0.00100640
314	0.00100930
314.2	0.00101230
314.4	0.00101520
314.6	0.00101820
314.8	0.00102120
315	0.00102890
315.2	0.00103980
315.4	0.00105080
315.6	0.00106190
315.8	0.00107310
316	0.00108450
316.2	0.00109600
316.4	0.00110760
316.6	0.00111940
316.8	0.00113120
317	0.00114320
317.2	0.00115530
317.4	0.00116750
317.6	0.00117990
317.8	0.00119240
318	0.00120500
318.2	0.00121780
318.4	0.00123070
318.6	0.00124370
318.8	0.00125690
319	0.00128110
319.2	0.00133560
319.4	0.00139240
319.6	0.00145160
319.8	0.00151330
320	0.00157770
320.2	0.00164480
320.4	0.00171470
320.6	0.00178760
320.8	0.00186360
321	0.00194290
321.2	0.00202550
321.4	0.00211160
321.6	0.00220140
321.8	0.00229500
322	0.00239260
322.2	0.00249430
322.4	0.00260030
322.6	0.00271090
322.8	0.00282620
323	0.00294630
323.2	0.00290670
323.4	0.00286010
323.6	0.00281420
323.8	0.00276910
324	0.00272470
324.2	0.00268110
324.4	0.00263810
324.6	0.00259580
324.8	0.00255420
325	0.00251330
325.2	0.00247300
325.4	0.00243330
325.6	0.00239430
325.8	0.00235600
326	0.00231820
326.2	0.00228100
326.4	0.00224450
326.6	0.00220850
326.8	0.00217310
327	0.00213830
327.2	0.00204030
327.4	0.00191410
327.6	0.00179570
327.8	0.00168460
328	0.00158040
328.2	0.00148270
328.4	0.00139100
328.6	0.00130490
328.8	0.00122420
329	0.00114850
329.2	0.00107740
329.4	0.00101080
329.6	0.00094828
329.8	0.00088963
330	0.00083460
330.2	0.00078298
330.4	0.00073455
330.6	0.00068912
330.8	0.00064649
331	0.00060650
331.2	0.00057643
331.4	0.00056154
331.6	0.00054703
331.8	0.00053290
332	0.00051913
332.2	0.00050572
332.4	0.00049265
332.6	0.00047992
332.8	0.00046752
333	0.00045544
333.2	0.00044368
333.4	0.00043221
333.6	0.00042105
333.8	0.00041017
334	0.00039957
334.2	0.00038925
334.4	0.00037919
334.6	0.00036939
334.8	0.00035985
335	0.00035055
335.2	0.00034202
335.4	0.00034271
335.6	0.00034340
335.8	0.00034409
336	0.00034478
336.2	0.00034547
336.4	0.00034616
336.6	0.00034686
336.8	0.00034755
337	0.00034825
337.2	0.00034895
337.4	0.00034965
337.6	0.00035035
337.8	0.00035106
338	0.00035176
338.2	0.00035247
338.4	0.00035317
338.6	0.00035388
338.8	0.00035459
339	0.00035531
339.2	0.00035602
339.4	0.00035302
339.6	0.00034899
339.8	0.00034500
340	0.00034106
340.2	0.00033717
340.4	0.00033332
340.6	0.00032951
340.8	0.00032575
341	0.00032202
341.2	0.00031835
341.4	0.00031471
341.6	0.00031112
341.8	0.00030756
342	0.00030405
342.2	0.00030058
342.4	0.00029714
342.6	0.00029375
342.8	0.00029039
343	0.00028708
343.2	0.00028380
343.4	0.00028075
343.6	0.00027793
343.8	0.00027514
344	0.00027238
344.2	0.00026964
344.4	0.00026694
344.6	0.00026426
344.8	0.00026160
345	0.00025898
345.2	0.00025638
345.4	0.00025380
345.6	0.00025125
345.8	0.00024873
346	0.00024623
346.2	0.00024376
346.4	0.00024131
346.6	0.00023889
346.8	0.00023649
347	0.00023412
347.2	0.00023176
347.4	0.00023021
347.6	0.00023114
347.8	0.00023206
348	0.00023299
348.2	0.00023392
348.4	0.00023486
348.6	0.00023579
348.8	0.00023674
349	0.00023768
349.2	0.00023863
349.4	0.00023959
349.6	0.00024055
349.8	0.00024151
350	0.00024248
350.2	0.00024345
350.4	0.00024442
350.6	0.00024540
350.8	0.00024638
351	0.00024736
351.2	0.00024835
351.4	0.00024935
351.6	0.00024623
351.8	0.00024309
352	0.00023998
352.2	0.00023692
352.4	0.00023390
352.6	0.00023092
352.8	0.00022797
353	0.00022506
353.2	0.00022219
353.4	0.00021936
353.6	0.00021656
353.8	0.00021380
354	0.00021107
354.2	0.00020838
354.4	0.00020572
354.6	0.00020309
354.8	0.00020050
355	0.00019795
355.2	0.00019542
355.4	0.00019293
355.6	0.00018972
355.8	0.00018631
356	0.00018296
356.2	0.00017968
356.4	0.00017645
356.6	0.00017328
356.8	0.00017016
357	0.00016711
357.2	0.00016410
357.4	0.00016115
357.6	0.00015826
357.8	0.00015541
358	0.00015262
358.2	0.00014988
358.4	0.00014719
358.6	0.00014454
358.8	0.00014194
359	0.00013939
359.2	0.00013689
359.4	0.00013443
359.6	0.00007383
359.8	0.00002294
360	0.00000713
360.2	0.00000764
360.4	0.00000820
360.6	0.00000879
360.8	0.00000942
361	0.00001011
361.2	0.00001084
361.4	0.00001162
361.6	0.00001246
361.8	0.00001337
362	0.00001433
362.2	0.00001537
362.4	0.00001648
362.6	0.00001768
362.8	0.00001896
363	0.00001747
363.2	0.00001549
363.4	0.00001373
363.6	0.00001217
363.8	0.00001079
364	0.00000957
364.2	0.00000848
364.4	0.00000752
364.6	0.00000666
364.8	0.00000591
365	0.00000524
365.2	0.00000464
365.4	0.00000411
365.6	0.00000365
365.8	0.00000323
366	0.00000287
366.2	0.00000254
366.4	0.00000225
366.6	0.00000200
366.8	0.00000177
367	0.00000184
367.2	0.00000221
367.4	0.00000265
367.6	0.00000317
367.8	0.00000381
368	0.00000456
368.2	0.00000547
368.4	0.00000656
368.6	0.00000787
368.8	0.00000944
369	0.00001132
369.2	0.00001357
369.4	0.00001627
369.6	0.00001951
369.8	0.00002339
370	0.00002805
370.2	0.00002751
370.4	0.00002697
370.6	0.00002645
370.8	0.00002594
371	0.00002543
371.2	0.00002494
371.4	0.00002446
371.6	0.00002398
371.8	0.00002352
372	0.00002306
372.2	0.00002261
372.4	0.00002218
372.6	0.00002175
372.8	0.00002132
373	0.00002151
373.2	0.00002186
373.4	0.00002220
373.6	0.00002256
373.8	0.00002291
374	0.00002328
374.2	0.00002365
374.4	0.00002402
374.6	0.00002440
374.8	0.00002479
375	0.00002519
375.2	0.00002559
375.4	0.00002599
375.6	0.00002641
375.8	0.00002683
376	0.00002725
376.2	0.00002768
376.4	0.00002812
376.6	0.00002857
376.8	0.00002902
377	0.00002832
377.2	0.00002674
377.4	0.00002524
377.6	0.00002383
377.8	0.00002250
378	0.00002124
378.2	0.00002005
378.4	0.00001893
378.6	0.00001787
378.8	0.00001687
379	0.00001593
379.2	0.00001503
379.4	0.00001419
379.6	0.00001340
379.8	0.00001265
380	0.00001194
380.2	0.00001017
380.4	0.00000867
380.6	0.00000739
380.8	0.00000629
381	0.00000536
381.2	0.00000457
381.4	0.00000389
381.6	0.00000332
381.8	0.00000282
382	0.00000241
382.2	0.00000205
382.4	0.00000175
382.6	0.00000149
382.8	0.00000127
383	0.00000138
383.2	0.00000160
383.4	0.00000186
383.6	0.00000216
383.8	0.00000250
384	0.00000291
384.2	0.00000337
384.4	0.00000391
384.6	0.00000454
384.8	0.00000527
385	0.00000611
385.2	0.00000710
385.4	0.00000823
385.6	0.00000955
385.8	0.00001109
386	0.00001287
386.2	0.00001493
386.4	0.00001732
386.6	0.00002010
386.8	0.00002333
387	0.00002439
387.2	0.00002338
387.4	0.00002242
387.6	0.00002149
387.8	0.00002060
388	0.00001975
388.2	0.00001893
388.4	0.00001815
388.6	0.00001740
388.8	0.00001668
389	0.00001599
389.2	0.00001533
389.4	0.00001470
389.6	0.00001409
389.8	0.00001351
390	0.00001295
390.2	0.00001355
390.4	0.00001418
390.6	0.00001484
390.8	0.00001553
391	0.00001626
391.2	0.00001701
391.4	0.00001781
391.6	0.00001863
391.8	0.00001950
392	0.00002041
392.2	0.00002136
392.4	0.00002236
392.6	0.00002340
392.8	0.00002449
393	0.00002443
393.2	0.00002406
393.4	0.00002369
393.6	0.00002333
393.8	0.00002297
394	0.00002262
394.2	0.00002228
394.4	0.00002194
394.6	0.00002160
394.8	0.00002127
395	0.00002095
395.2	0.00002063
395.4	0.00002031
395.6	0.00002000
395.8	0.00001970
396	0.00001940
396.2	0.00001910
396.4	0.00001881
396.6	0.00001852
396.8	0.00001824
397	0.00001816
397.2	0.00001826
397.4	0.00001835
397.6	0.00001845
397.8	0.00001854
398	0.00001864
398.2	0.00001873
398.4	0.00001883
398.6	0.00001893
398.8	0.00001903
399	0.00001912
399.2	0.00001922
399.4	0.00001932
399.6	0.00001942
399.8	0.00001952
400	0.00001962
400.2	0.00002022
400.4	0.00002084
400.6	0.00002148
400.8	0.00002214
401	0.00002282
401.2	0.00002351
401.4	0.00002423
401.6	0.00002498
401.8	0.00002574
402	0.00002653
402.2	0.00002734
402.4	0.00002818
402.6	0.00002904
402.8	0.00002993
403	0.00003013
403.2	0.00003009
403.4	0.00003006
403.6	0.00003002
403.8	0.00002999
404	0.00002996
404.2	0.00002992
404.4	0.00002989
404.6	0.00002986
404.8	0.00002982
405	0.00002979
405.2	0.00002975
405.4	0.00002972
405.6	0.00002969
405.8	0.00002965
406	0.00002962
406.2	0.00002959
406.4	0.00002955
406.6	0.00002952
406.8	0.00002949
407	0.00002899
407.2	0.00002809
407.4	0.00002722
407.6	0.00002638
407.8	0.00002556
408	0.00002477
408.2	0.00002400
408.4	0.00002325
408.6	0.00002253
408.8	0.00002184
409	0.00002116
409.2	0.00002050
409.4	0.00001987
409.6	0.00001925
409.8	0.00001865
410	0.00001808
410.2	0.00001799
410.4	0.00001791
410.6	0.00001783
410.8	0.00001774
411	0.00001766
411.2	0.00001758
411.4	0.00001750
411.6	0.00001742
411.8	0.00001734
412	0.00001726
412.2	0.00001718
412.4	0.00001710
412.6	0.00001702
412.8	0.00001694
413	0.00001651
413.2	0.00001600
413.4	0.00001551
413.6	0.00001503
413.8	0.00001457
414	0.00001412
414.2	0.00001368
414.4	0.00001326
414.6	0.00001285
414.8	0.00001246
415	0.00001207
415.2	0.00001170
415.4	0.00001134
415.6	0.00001099
415.8	0.00001065
416	0.00001032
416.2	0.00001001
416.4	0.00000970
416.6	0.00000940
416.8	0.00000911
417	0.00000899
417.2	0.00000900
417.4	0.00000901
417.6	0.00000902
417.8	0.00000903
418	0.00000904
418.2	0.00000905
418.4	0.00000906
418.6	0.00000907
418.8	0.00000907
419	0.00000908
419.2	0.00000909
419.4	0.00000910
419.6	0.00000911
419.8	0.00000912
420	0.00000913
420.2	0.00000958
420.4	0.00001005
420.6	0.00001054
420.8	0.00001106
421	0.00001160
421.2	0.00001217
421.4	0.00001276
421.6	0.00001339
421.8	0.00001405
422	0.00001473
422.2	0.00001546
422.4	0.00001622
422.6	0.00001701
422.8	0.00001784
423	0.00001872
423.2	0.00001964
423.4	0.00002060
423.6	0.00002161
423.8	0.00002267
424	0.00002358
424.2	0.00002417
424.4	0.00002477
424.6	0.00002539
424.8	0.00002603
425	0.00002668
425.2	0.00002735
425.4	0.00002803
425.6	0.00002873
425.8	0.00002945
426	0.00003019
426.2	0.00003094
426.4	0.00003172
426.6	0.00003251
426.8	0.00003333
427	0.00003416
427.2	0.00003501
427.4	0.00003585
427.6	0.00003650
427.8	0.00003716
428	0.00003782
428.2	0.00003851
428.4	0.00003920
428.6	0.00003990
428.8	0.00004062
429	0.00004135
429.2	0.00004210
429.4	0.00004286
429.6	0.00004363
429.8	0.00004441
430	0.00004521
430.2	0.00004603
430.4	0.00004685
430.6	0.00004770
430.8	0.00004856
431	0.00004860
431.2	0.00004650
431.4	0.00004450
431.6	0.00004259
431.8	0.00004075
432	0.00003900
432.2	0.00003732
432.4	0.00003571
432.6	0.00003417
432.8	0.00003270
433	0.00003129
433.2	0.00002995
433.4	0.00002866
433.6	0.00002742
433.8	0.00002624
434	0.00002511
434.2	0.00002403
434.4	0.00002300
434.6	0.00002201
434.8	0.00002106
435	0.00002015
435.2	0.00002043
435.4	0.00002072
435.6	0.00002100
435.8	0.00002129
436	0.00002159
436.2	0.00002189
436.4	0.00002219
436.6	0.00002250
436.8	0.00002281
437	0.00002313
437.2	0.00002345
437.4	0.00002378
437.6	0.00002411
437.8	0.00002444
438	0.00002478
438.2	0.00002512
438.4	0.00002547
438.6	0.00002582
438.8	0.00002618
439	0.00002655
439.2	0.00002702
439.4	0.00002750
439.6	0.00002798
439.8	0.00002848
440	0.00002899
440.2	0.00002951
440.4	0.00003003
440.6	0.00003056
440.8	0.00003111
441	0.00003166
441.2	0.00003223
441.4	0.00003280
441.6	0.00003338
441.8	0.00003398
442	0.00003458
442.2	0.00003520
442.4	0.00003582
442.6	0.00003634
442.8	0.00003662
443	0.00003690
443.2	0.00003718
443.4	0.00003747
443.6	0.00003776
443.8	0.00003804
444	0.00003834
444.2	0.00003863
444.4	0.00003893
444.6	0.00003923
444.8	0.00003953
445	0.00003983
445.2	0.00004013
445.4	0.00004044
445.6	0.00004075
445.8	0.00004106
446	0.00004138
446.2	0.00003937
446.4	0.00003710
446.6	0.00003496
446.8	0.00003294
447	0.00003104
447.2	0.00002924
447.4	0.00002756
447.6	0.00002596
447.8	0.00002447
448	0.00002305
448.2	0.00002172
448.4	0.00002047
448.6	0.00001929
448.8	0.00001817
449	0.00001712
449.2	0.00001613
449.4	0.00001520
449.6	0.00001433
449.8	0.00001350
450	0.00001272
450.2	0.00000908
450.4	0.00001219
450.6	0.00000726
450.8	0.00000444
451	0.00000487
451.2	0.00000841
451.4	0.00000519
451.6	0.00000445
451.8	0.00000912
452	0.00000792
452.2	0.00000574
452.4	0.00001320
452.6	0.00001653
452.8	0.00000766
453	0.00000753
453.2	0.00001247
453.4	0.00001093
453.6	0.00000427
453.8	0.00000426
454	0.00000425
454.2	0.00000424
454.4	0.00000424
454.6	0.00000423
454.8	0.00000484
455	0.00000834
455.2	0.00000487
455.4	0.00000417
455.6	0.00000777
455.8	0.00000989
456	0.00000415
456.2	0.00000414
456.4	0.00000412
456.6	0.00000411
456.8	0.00000410
457	0.00000526
457.2	0.00000746
457.4	0.00000408
457.6	0.00000406
457.8	0.00000405
458	0.00000403
458.2	0.00000402
458.4	0.00000483
458.6	0.00001126
458.8	0.00000400
459	0.00000399
459.2	0.00000397
459.4	0.00000845
459.6	0.00002368
459.8	0.00002332
460	0.00000670
460.2	0.00001137
460.4	0.00000520
460.6	0.00000390
460.8	0.00000389
461	0.00000472
461.2	0.00001681
461.4	0.00002339
461.6	0.00000583
461.8	0.00000385
462	0.00000735
462.2	0.00001832
462.4	0.00001530
462.6	0.00000514
462.8	0.00000738
463	0.00000537
463.2	0.00000378
463.4	0.00000377
463.6	0.00000401
463.8	0.00000693
464	0.00000466
464.2	0.00000519
464.4	0.00000509
464.6	0.00000482
464.8	0.00000657
465	0.00000379
465.2	0.00000367
465.4	0.00000366
465.6	0.00000378
465.8	0.00000488
466	0.00000615
466.2	0.00000387
466.4	0.00001597
466.6	0.00001089
466.8	0.00001049
467	0.00001578
467.2	0.00000864
467.4	0.00000357
467.6	0.00000355
467.8	0.00001145
468	0.00000760
468.2	0.00000495
468.4	0.00001039
468.6	0.00000926
468.8	0.00000349
469	0.00000347
469.2	0.00000346
469.4	0.00000344
469.6	0.00000490
469.8	0.00002286
470	0.00000892
470.2	0.00001850
470.4	0.00000585
470.6	0.00000340
470.8	0.00000463
471	0.00000928
471.2	0.00000387
471.4	0.00000364
471.6	0.00000596
471.8	0.00000668
472	0.00000494
472.2	0.00000474
472.4	0.00001607
472.6	0.00000449
472.8	0.00000642
473	0.00000428
473.2	0.00000326
473.4	0.00000325
473.6	0.00000324
473.8	0.00000322
474	0.00000898
474.2	0.00000608
474.4	0.00000347
474.6	0.00000441
474.8	0.00000530
475	0.00000316
475.2	0.00000315
475.4	0.00000633
475.6	0.00000575
475.8	0.00000338
476	0.00000311
476.2	0.00000310
476.4	0.00000308
476.6	0.00000307
476.8	0.00000938
477	0.00001207
477.2	0.00000449
477.4	0.00000304
477.6	0.00000352
477.8	0.00001258
478	0.00001286
478.2	0.00001448
478.4	0.00001216
478.6	0.00000457
478.8	0.00000349
479	0.00000575
479.2	0.00000330
479.4	0.00000973
479.6	0.00001213
479.8	0.00000498
480	0.00000308
480.2	0.00000288
480.4	0.00000287
480.6	0.00000285
480.8	0.00000519
481	0.00000739
481.2	0.00000577
481.4	0.00000603
481.6	0.00000280
481.8	0.00000279
482	0.00000277
482.2	0.00000276
482.4	0.00000450
482.6	0.00002099
482.8	0.00000608
483	0.00001887
483.2	0.00000411
483.4	0.00000270
483.6	0.00000269
483.8	0.00000268
484	0.00000266
484.2	0.00000266
484.4	0.00000265
484.6	0.00000714
484.8	0.00000516
485	0.00000261
485.2	0.00000278
485.4	0.00000481
485.6	0.00000313
485.8	0.00000261
486	0.00000256
486.2	0.00000346
486.4	0.00000432
486.6	0.00000253
486.8	0.00000252
487	0.00000669
487.2	0.00000382
487.4	0.00000249
487.6	0.00000427
487.8	0.00001199
488	0.00001000
488.2	0.00000362
488.4	0.00000274
488.6	0.00000506
488.8	0.00000430
489	0.00000241
489.2	0.00000240
489.4	0.00000239
489.6	0.00000238
489.8	0.00000323
490	0.00000316
490.2	0.00000311
490.4	0.00000469
490.6	0.00000466
490.8	0.00000637
491	0.00000367
491.2	0.00000302
491.4	0.00000636
491.6	0.00000677
491.8	0.00000268
492	0.00000802
492.2	0.00000339
492.4	0.00000224
492.6	0.00000319
492.8	0.00000636
493	0.00000793
493.2	0.00001228
493.4	0.00000295
493.6	0.00000219
493.8	0.00000218
494	0.00000250
494.2	0.00000444
494.4	0.00000679
494.6	0.00000225
494.8	0.00000214
495	0.00000313
495.2	0.00000425
495.4	0.00000510
495.6	0.00001080
495.8	0.00000219
496	0.00000378
496.2	0.00000939
496.4	0.00000995
496.6	0.00000562
496.8	0.00000422
497	0.00000799
497.2	0.00001017
497.4	0.00000499
497.6	0.00000684
497.8	0.00000837
498	0.00000506
498.2	0.00000210
498.4	0.00000340
498.6	0.00000887
498.8	0.00000847
499	0.00000397
499.2	0.00000197
499.4	0.00000196
499.6	0.00000195
499.8	0.00000193
500	0.00000190
500.2	0.00000374
500.4	0.00000889
500.6	0.00001333
500.8	0.00000558
501	0.00000698
501.2	0.00000583
501.4	0.00000773
501.6	0.00000915
501.8	0.00000532
502	0.00000181
502.2	0.00000180
502.4	0.00000179
502.6	0.00000422
502.8	0.00000603
503	0.00000322
503.2	0.00000176
503.4	0.00000176
503.6	0.00000175
503.8	0.00000351
504	0.00000490
504.2	0.00000492
504.4	0.00000444
504.6	0.00000302
504.8	0.00000174
505	0.00000811
505.2	0.00000387
505.4	0.00000291
505.6	0.00000458
505.8	0.00000345
506	0.00000343
506.2	0.00000341
506.4	0.00000555
506.6	0.00000581
506.8	0.00000694
507	0.00000951
507.2	0.00000564
507.4	0.00000771
507.6	0.00000214
507.8	0.00000324
508	0.00000304
508.2	0.00000184
508.4	0.00000325
508.6	0.00000718
508.8	0.00001239
509	0.00000450
509.2	0.00000396
509.4	0.00000602
509.6	0.00000850
509.8	0.00000484
510	0.00000656
510.2	0.00000903
510.4	0.00000841
510.6	0.00000517
510.8	0.00000397
511	0.00000739
511.2	0.00000304
511.4	0.00000797
511.6	0.00001037
511.8	0.00001181
512	0.00000796
512.2	0.00000353
512.4	0.00000163
512.6	0.00000773
512.8	0.00001340
513	0.00000233
513.2	0.00000480
513.4	0.00000990
513.6	0.00000644
513.8	0.00000155
514	0.00000585
514.2	0.00001188
514.4	0.00001643
514.6	0.00001517
514.8	0.00001539
515	0.00001784
515.2	0.00001209
515.4	0.00001698
515.6	0.00003354
515.8	0.00002982
516	0.00003737
516.2	0.00004966
516.4	0.00005543
516.6	0.00008169
516.8	0.00011925
517	0.00016665
517.2	0.00022153
517.4	0.00030828
517.6	0.00044412
517.8	0.00063934
518	0.00094708
518.2	0.00145230
518.4	0.00223510
518.6	0.00338800
518.8	0.00539430
519	0.00883230
519.2	0.01434600
519.4	0.02413000
519.6	0.04247500
519.8	0.07566600
520	0.13400000
520.2	0.24600000
520.4	0.46400000
520.6	0.90000000
520.8	1.76900000
521	3.48500000
521.2	6.50700000
521.4	11.50500000
521.6	18.50700000
521.8	27.00200000
522	36.32400000
522.2	46.05300000
522.4	55.88600000
522.6	66.00500000
522.8	74.14800000
523	80.46400000
523.2	84.88300000
523.4	87.68500000
523.6	89.43400000
523.8	90.21600000
524	90.57600000
524.2	90.40000000
524.4	89.96900000
524.6	89.47600000
524.8	88.99500000
525	88.71100000
525.2	88.67900000
525.4	88.98900000
525.6	89.64500000
525.8	90.59100000
526	91.75100000
526.2	92.96700000
526.4	94.09700000
526.6	95.02900000
526.8	95.69200000
527	95.80500000
527.2	95.60600000
527.4	95.11600000
527.6	94.58400000
527.8	93.99900000
528	93.55300000
528.2	93.25600000
528.4	93.19700000
528.6	93.23300000
528.8	93.52100000
529	93.96200000
529.2	94.50900000
529.4	94.97400000
529.6	95.41700000
529.8	95.77900000
530	95.94600000
530.2	96.04000000
530.4	95.99400000
530.6	95.81000000
530.8	95.62800000
531	95.43100000
531.2	95.24200000
531.4	95.12800000
531.6	95.05000000
531.8	95.05400000
532	95.19000000
532.2	95.32100000
532.4	95.50500000
532.6	95.68000000
532.8	95.88500000
533	95.93600000
533.2	96.01300000
533.4	96.05100000
533.6	95.96200000
533.8	95.85900000
534	95.77600000
534.2	95.71900000
534.4	95.57600000
534.6	95.53000000
534.8	95.49300000
535	95.55300000
535.2	95.64300000
535.4	95.76100000
535.6	95.82400000
535.8	95.91500000
536	96.05600000
536.2	96.10200000
536.4	96.13100000
536.6	96.06300000
536.8	95.98300000
537	95.89000000
537.2	95.79700000
537.4	95.67400000
537.6	95.59500000
537.8	95.59500000
538	95.60700000
538.2	95.56700000
538.4	95.63200000
538.6	95.68300000
538.8	95.75000000
539	95.79100000
539.2	95.89600000
539.4	95.85400000
539.6	95.85100000
539.8	95.74600000
540	95.59800000
540.2	95.44100000
540.4	95.33100000
540.6	95.10400000
540.8	94.92200000
541	94.75700000
541.2	94.74000000
541.4	94.69500000
541.6	94.73900000
541.8	94.86200000
542	95.05700000
542.2	95.25900000
542.4	95.43700000
542.6	95.63900000
542.8	95.71000000
543	95.76900000
543.2	95.88300000
543.4	95.77800000
543.6	95.64500000
543.8	95.47300000
544	95.33400000
544.2	95.07600000
544.4	94.82200000
544.6	94.65300000
544.8	94.44200000
545	94.31500000
545.2	94.15800000
545.4	94.03000000
545.6	93.97300000
545.8	93.86300000
546	93.82500000
546.2	93.78000000
546.4	93.73800000
546.6	93.82600000
546.8	93.94300000
547	94.05800000
547.2	94.26800000
547.4	94.53700000
547.6	94.78800000
547.8	94.90300000
548	94.81200000
548.2	94.47500000
548.4	93.78000000
548.6	92.71600000
548.8	91.33600000
549	89.54300000
549.2	87.07500000
549.4	83.41300000
549.6	77.47700000
549.8	68.34200000
550	55.74500000
550.2	41.57900000
550.4	28.44300000
550.6	18.33300000
550.8	11.40300000
551	7.02500000
551.2	4.35000000
551.4	2.75200000
551.6	1.76600000
551.8	1.15900000
552	0.77700000
552.2	0.49100000
552.4	0.34000000
552.6	0.23700000
552.8	0.16900000
553	0.12200000
553.2	0.08971900
553.4	0.06662700
553.6	0.05081500
553.8	0.03826200
554	0.02916000
554.2	0.02267700
554.4	0.01749200
554.6	0.01387800
554.8	0.01094300
555	0.00856090
555.2	0.00684950
555.4	0.00556780
555.6	0.00452880
555.8	0.00371220
556	0.00309480
556.2	0.00259080
556.4	0.00216720
556.6	0.00181710
556.8	0.00153390
557	0.00132490
557.2	0.00114360
557.4	0.00098051
557.6	0.00084677
557.8	0.00073508
558	0.00063972
558.2	0.00056593
558.4	0.00048031
558.6	0.00044258
558.8	0.00040457
559	0.00036250
559.2	0.00031883
559.4	0.00027988
559.6	0.00024986
559.8	0.00024325
560	0.00022085
560.2	0.00020660
560.4	0.00019537
560.6	0.00017658
560.8	0.00016570
561	0.00016793
561.2	0.00014581
561.4	0.00013102
561.6	0.00012170
561.8	0.00011688
562	0.00011509
562.2	0.00011006
562.4	0.00010297
562.6	0.00011106
562.8	0.00010305
563	0.00009524
563.2	0.00009180
563.4	0.00008850
563.6	0.00008884
563.8	0.00009033
564	0.00009569
564.2	0.00009309
564.4	0.00008884
564.6	0.00008912
564.8	0.00009820
565	0.00009347
565.2	0.00009875
565.4	0.00010341
565.6	0.00010694
565.8	0.00010752
566	0.00010673
566.2	0.00011672
566.4	0.00013719
566.6	0.00014093
566.8	0.00014328
567	0.00015225
567.2	0.00016451
567.4	0.00017292
567.6	0.00018619
567.8	0.00019895
568	0.00022377
568.2	0.00024459
568.4	0.00026779
568.6	0.00029300
568.8	0.00031513
569	0.00034114
569.2	0.00036780
569.4	0.00037639
569.6	0.00039206
569.8	0.00040458
570	0.00040663
570.2	0.00039423
570.4	0.00038767
570.6	0.00037622
570.8	0.00034756
571	0.00032026
571.2	0.00029777
571.4	0.00027704
571.6	0.00024687
571.8	0.00024878
572	0.00023964
572.2	0.00022454
572.4	0.00020760
572.6	0.00019176
572.8	0.00017957
573	0.00017465
573.2	0.00017861
573.4	0.00017305
573.6	0.00017097
573.8	0.00016466
574	0.00015871
574.2	0.00015961
574.4	0.00016895
574.6	0.00016572
574.8	0.00016332
575	0.00016913
575.2	0.00017643
575.4	0.00017688
575.6	0.00016371
575.8	0.00017919
576	0.00018751
576.2	0.00019248
576.4	0.00019661
576.6	0.00020292
576.8	0.00021386
577	0.00023156
577.2	0.00022774
577.4	0.00023280
577.6	0.00023338
577.8	0.00024000
578	0.00024124
578.2	0.00023729
578.4	0.00025538
578.6	0.00026365
578.8	0.00025648
579	0.00025109
579.2	0.00025097
579.4	0.00024443
579.6	0.00023101
579.8	0.00023561
580	0.00024139
580.2	0.00023579
580.4	0.00024092
580.6	0.00024328
580.8	0.00023532
581	0.00022752
581.2	0.00022526
581.4	0.00023034
581.6	0.00023207
581.8	0.00024379
582	0.00024756
582.2	0.00024192
582.4	0.00024593
582.6	0.00024431
582.8	0.00025550
583	0.00026274
583.2	0.00026305
583.4	0.00026915
583.6	0.00028112
583.8	0.00029010
584	0.00028716
584.2	0.00029343
584.4	0.00029790
584.6	0.00029424
584.8	0.00029231
585	0.00029479
585.2	0.00028875
585.4	0.00027600
585.6	0.00026847
585.8	0.00025167
586	0.00022986
586.2	0.00022094
586.4	0.00021334
586.6	0.00019401
586.8	0.00017617
587	0.00017473
587.2	0.00017014
587.4	0.00015643
587.6	0.00014994
587.8	0.00013797
588	0.00013398
588.2	0.00012424
588.4	0.00012034
588.6	0.00011876
588.8	0.00011472
589	0.00011194
589.2	0.00010764
589.4	0.00011083
589.6	0.00011152
589.8	0.00011158
590	0.00011020
590.2	0.00010774
590.4	0.00011211
590.6	0.00011651
590.8	0.00011330
591	0.00011249
591.2	0.00011402
591.4	0.00011788
591.6	0.00012488
591.8	0.00013302
592	0.00013285
592.2	0.00014575
592.4	0.00014300
592.6	0.00014500
592.8	0.00016174
593	0.00017396
593.2	0.00018381
593.4	0.00019318
593.6	0.00020044
593.8	0.00021451
594	0.00022811
594.2	0.00023478
594.4	0.00024609
594.6	0.00025691
594.8	0.00025289
595	0.00024974
595.2	0.00025694
595.4	0.00026257
595.6	0.00025243
595.8	0.00024592
596	0.00023557
596.2	0.00022889
596.4	0.00021910
596.6	0.00020902
596.8	0.00019958
597	0.00019068
597.2	0.00017837
597.4	0.00018596
597.6	0.00017599
597.8	0.00016560
598	0.00015559
598.2	0.00014517
598.4	0.00013269
598.6	0.00013387
598.8	0.00013907
599	0.00013249
599.2	0.00012678
599.4	0.00012354
599.6	0.00012323
599.8	0.00012555
600	0.00012492
600.2	0.00012467
600.4	0.00012759
600.6	0.00013058
600.8	0.00013364
601	0.00013677
601.2	0.00013997
601.4	0.00014325
601.6	0.00014660
601.8	0.00015003
602	0.00015355
602.2	0.00015714
602.4	0.00016082
602.6	0.00016375
602.8	0.00016605
603	0.00016838
603.2	0.00017075
603.4	0.00017315
603.6	0.00017559
603.8	0.00017806
604	0.00018056
604.2	0.00018310
604.4	0.00018568
604.6	0.00018829
604.8	0.00019093
605	0.00019289
605.2	0.00019403
605.4	0.00019517
605.6	0.00019633
605.8	0.00019748
606	0.00019865
606.2	0.00019982
606.4	0.00020100
606.6	0.00020218
606.8	0.00020337
607	0.00020457
607.2	0.00020578
607.4	0.00020682
607.6	0.00020758
607.8	0.00020835
608	0.00020911
608.2	0.00020988
608.4	0.00021066
608.6	0.00021143
608.8	0.00021221
609	0.00021299
609.2	0.00021377
609.4	0.00021456
609.6	0.00021535
609.8	0.00021614
610	0.00021809
610.2	0.00022145
610.4	0.00022487
610.6	0.00022833
610.8	0.00023186
611	0.00023543
611.2	0.00023906
611.4	0.00024275
611.6	0.00024649
611.8	0.00025029
612	0.00025415
612.2	0.00025807
612.4	0.00026205
612.6	0.00026318
612.8	0.00026178
613	0.00026040
613.2	0.00025902
613.4	0.00025765
613.6	0.00025628
613.8	0.00025492
614	0.00025357
614.2	0.00025223
614.4	0.00025090
614.6	0.00024957
614.8	0.00024825
615	0.00024851
615.2	0.00025073
615.4	0.00025296
615.6	0.00025522
615.8	0.00025749
616	0.00025979
616.2	0.00026210
616.4	0.00026444
616.6	0.00026679
616.8	0.00026917
617	0.00027157
617.2	0.00027399
617.4	0.00027451
617.6	0.00027170
617.8	0.00026892
618	0.00026616
618.2	0.00026344
618.4	0.00026074
618.6	0.00025808
618.8	0.00025543
619	0.00025282
619.2	0.00025023
619.4	0.00024767
619.6	0.00024514
619.8	0.00024263
620	0.00023664
620.2	0.00022676
620.4	0.00021729
620.6	0.00020822
620.8	0.00019953
621	0.00019120
621.2	0.00018322
621.4	0.00017557
621.6	0.00016824
621.8	0.00016122
622	0.00015449
622.2	0.00014804
622.4	0.00014186
622.6	0.00013572
622.8	0.00012968
623	0.00012391
623.2	0.00011840
623.4	0.00011313
623.6	0.00010809
623.8	0.00010328
624	0.00009869
624.2	0.00009430
624.4	0.00009010
624.6	0.00008609
624.8	0.00008226
625	0.00008100
625.2	0.00008264
625.4	0.00008430
625.6	0.00008600
625.8	0.00008774
626	0.00008951
626.2	0.00009131
626.4	0.00009315
626.6	0.00009503
626.8	0.00009695
627	0.00009890
627.2	0.00010089
627.4	0.00010451
627.6	0.00011100
627.8	0.00011788
628	0.00012520
628.2	0.00013296
628.4	0.00014121
628.6	0.00014997
628.8	0.00015928
629	0.00016916
629.2	0.00017965
629.4	0.00019080
629.6	0.00020264
629.8	0.00021521
630	0.00022225
630.2	0.00022212
630.4	0.00022198
630.6	0.00022184
630.8	0.00022171
631	0.00022157
631.2	0.00022144
631.4	0.00022130
631.6	0.00022117
631.8	0.00022103
632	0.00022089
632.2	0.00022076
632.4	0.00022062
632.6	0.00021181
632.8	0.00019637
633	0.00018205
633.2	0.00016878
633.4	0.00015648
633.6	0.00014507
633.8	0.00013450
634	0.00012470
634.2	0.00011561
634.4	0.00010718
634.6	0.00009937
634.8	0.00009212
635	0.00008761
635.2	0.00008586
635.4	0.00008413
635.6	0.00008245
635.8	0.00008079
636	0.00007917
636.2	0.00007758
636.4	0.00007603
636.6	0.00007450
636.8	0.00007301
637	0.00007154
637.2	0.00007011
637.4	0.00007049
637.6	0.00007377
637.8	0.00007720
638	0.00008079
638.2	0.00008455
638.4	0.00008849
638.6	0.00009261
638.8	0.00009692
639	0.00010143
639.2	0.00010615
639.4	0.00011109
639.6	0.00011626
639.8	0.00012167
640	0.00012775
640.2	0.00013465
640.4	0.00014193
640.6	0.00014960
640.8	0.00015768
641	0.00016620
641.2	0.00017518
641.4	0.00018465
641.6	0.00019462
641.8	0.00020514
642	0.00021622
642.2	0.00022791
642.4	0.00024022
642.6	0.00023722
642.8	0.00022111
643	0.00020608
643.2	0.00019208
643.4	0.00017903
643.6	0.00016687
643.8	0.00015553
644	0.00014497
644.2	0.00013512
644.4	0.00012594
644.6	0.00011738
644.8	0.00010941
645	0.00010307
645.2	0.00009834
645.4	0.00009382
645.6	0.00008951
645.8	0.00008540
646	0.00008148
646.2	0.00007774
646.4	0.00007417
646.6	0.00007076
646.8	0.00006751
647	0.00006441
647.2	0.00006145
647.4	0.00005997
647.6	0.00006054
647.8	0.00006112
648	0.00006171
648.2	0.00006230
648.4	0.00006289
648.6	0.00006350
648.8	0.00006410
649	0.00006472
649.2	0.00006534
649.4	0.00006596
649.6	0.00006659
649.8	0.00006723
650	0.00007031
650.2	0.00007480
650.4	0.00007959
650.6	0.00008468
650.8	0.00009010
651	0.00009586
651.2	0.00010199
651.4	0.00011193
651.6	0.00012297
651.8	0.00013510
652	0.00014843
652.2	0.00016308
652.4	0.00017916
652.6	0.00019684
652.8	0.00021626
653	0.00023759
653.2	0.00026103
653.4	0.00028678
653.6	0.00030700
653.8	0.00031101
654	0.00031507
654.2	0.00031919
654.4	0.00032336
654.6	0.00032758
654.8	0.00033186
655	0.00033620
655.2	0.00034059
655.4	0.00034504
655.6	0.00034955
655.8	0.00035412
656	0.00034579
656.2	0.00033187
656.4	0.00031851
656.6	0.00030569
656.8	0.00029338
657	0.00028157
657.2	0.00027024
657.4	0.00025936
657.6	0.00024892
657.8	0.00023890
658	0.00022928
658.2	0.00022026
658.4	0.00021637
658.6	0.00021255
658.8	0.00020880
659	0.00020511
659.2	0.00020149
659.4	0.00019794
659.6	0.00019444
659.8	0.00019101
660	0.00018764
660.2	0.00019115
660.4	0.00019680
660.6	0.00020261
660.8	0.00020860
661	0.00021476
661.2	0.00022111
661.4	0.00022764
661.6	0.00023437
661.8	0.00024129
662	0.00024842
662.2	0.00025576
662.4	0.00026331
662.6	0.00026050
662.8	0.00024764
663	0.00023541
663.2	0.00022379
663.4	0.00021275
663.6	0.00020224
663.8	0.00019226
664	0.00018277
664.2	0.00017375
664.4	0.00016517
664.6	0.00015702
664.8	0.00014927
665	0.00014232
665.2	0.00013621
665.4	0.00013036
665.6	0.00012476
665.8	0.00011940
666	0.00011427
666.2	0.00010937
666.4	0.00010467
666.6	0.00010017
666.8	0.00009587
667	0.00009175
667.2	0.00008781
667.4	0.00008598
667.6	0.00008713
667.8	0.00008829
668	0.00008946
668.2	0.00009065
668.4	0.00009186
668.6	0.00009308
668.8	0.00009432
669	0.00009557
669.2	0.00009685
669.4	0.00009814
669.6	0.00009944
669.8	0.00010076
670	0.00010253
670.2	0.00010484
670.4	0.00010721
670.6	0.00010963
670.8	0.00011210
671	0.00011463
671.2	0.00011722
671.4	0.00011987
671.6	0.00012257
671.8	0.00012534
672	0.00012817
672.2	0.00013106
672.4	0.00013402
672.6	0.00012857
672.8	0.00011601
673	0.00010468
673.2	0.00009445
673.4	0.00008523
673.6	0.00007690
673.8	0.00006939
674	0.00006261
674.2	0.00005650
674.4	0.00005098
674.6	0.00004600
674.8	0.00004150
675	0.00003759
675.2	0.00003418
675.4	0.00003108
675.6	0.00002827
675.8	0.00002571
676	0.00002338
676.2	0.00002126
676.4	0.00001933
676.6	0.00001758
676.8	0.00001599
677	0.00001454
677.2	0.00001322
677.4	0.00001263
677.6	0.00001288
677.8	0.00001315
678	0.00001342
678.2	0.00001369
678.4	0.00001397
678.6	0.00001426
678.8	0.00001455
679	0.00001485
679.2	0.00001515
679.4	0.00001546
679.6	0.00001578
679.8	0.00001610
680	0.00001686
680.2	0.00001820
680.4	0.00001966
680.6	0.00002123
680.8	0.00002293
681	0.00002476
681.2	0.00002674
681.4	0.00002888
681.6	0.00003119
681.8	0.00003368
682	0.00003638
682.2	0.00003929
682.4	0.00004243
682.6	0.00004285
682.8	0.00004019
683	0.00003770
683.2	0.00003535
683.4	0.00003316
683.6	0.00003110
683.8	0.00002917
684	0.00002736
684.2	0.00002566
684.4	0.00002407
684.6	0.00002257
684.8	0.00002117
685	0.00002031
685.2	0.00002006
685.4	0.00001982
685.6	0.00001958
685.8	0.00001934
686	0.00001910
686.2	0.00001886
686.4	0.00001863
686.6	0.00001840
686.8	0.00001818
687	0.00001796
687.2	0.00001774
687.4	0.00001725
687.6	0.00001641
687.8	0.00001562
688	0.00001486
688.2	0.00001414
688.4	0.00001345
688.6	0.00001280
688.8	0.00001218
689	0.00001159
689.2	0.00001103
689.4	0.00001049
689.6	0.00000998
689.8	0.00000950
690	0.00000947
690.2	0.00001002
690.4	0.00001061
690.6	0.00001123
690.8	0.00001189
691	0.00001259
691.2	0.00001332
691.4	0.00001410
691.6	0.00001493
691.8	0.00001580
692	0.00001673
692.2	0.00001771
692.4	0.00001874
692.6	0.00001976
692.8	0.00002074
693	0.00002177
693.2	0.00002285
693.4	0.00002398
693.6	0.00002516
693.8	0.00002641
694	0.00002772
694.2	0.00002909
694.4	0.00003053
694.6	0.00003204
694.8	0.00003363
695	0.00003544
695.2	0.00003755
695.4	0.00003979
695.6	0.00004216
695.8	0.00004467
696	0.00004733
696.2	0.00005015
696.4	0.00005314
696.6	0.00005630
696.8	0.00005965
697	0.00006321
697.2	0.00006697
697.4	0.00007072
697.6	0.00007433
697.8	0.00007813
698	0.00008212
698.2	0.00008631
698.4	0.00009072
698.6	0.00009535
698.8	0.00010021
699	0.00010533
699.2	0.00011071
699.4	0.00011636
699.6	0.00012230
699.8	0.00012854
700	0.00013534
700.2	0.00014281
700.4	0.00015070
700.6	0.00015901
700.8	0.00016779
701	0.00017705
701.2	0.00018682
701.4	0.00019714
701.6	0.00020802
701.8	0.00021950
702	0.00023162
702.2	0.00024440
702.4	0.00025789
702.6	0.00026683
702.8	0.00027026
703	0.00027374
703.2	0.00027726
703.4	0.00028082
703.6	0.00028443
703.8	0.00028809
704	0.00029180
704.2	0.00029555
704.4	0.00029935
704.6	0.00030320
704.8	0.00030710
705	0.00030801
705.2	0.00030538
705.4	0.00030277
705.6	0.00030019
705.8	0.00029762
706	0.00029508
706.2	0.00029256
706.4	0.00029007
706.6	0.00028759
706.8	0.00028513
707	0.00028270
707.2	0.00028029
707.4	0.00027827
707.6	0.00027675
707.8	0.00027523
708	0.00027372
708.2	0.00027222
708.4	0.00027072
708.6	0.00026924
708.8	0.00026776
709	0.00026629
709.2	0.00026483
709.4	0.00026338
709.6	0.00026193
709.8	0.00026050
710	0.00026129
710.2	0.00026478
710.4	0.00026832
710.6	0.00027191
710.8	0.00027555
711	0.00027923
711.2	0.00028296
711.4	0.00028674
711.6	0.00029058
711.8	0.00029446
712	0.00029840
712.2	0.00030239
712.4	0.00030643
712.6	0.00030847
712.8	0.00030816
713	0.00030785
713.2	0.00030755
713.4	0.00030724
713.6	0.00030693
713.8	0.00030662
714	0.00030632
714.2	0.00030601
714.4	0.00030571
714.6	0.00030540
714.8	0.00030509
715	0.00030399
715.2	0.00030193
715.4	0.00029988
715.6	0.00029785
715.8	0.00029583
716	0.00029382
716.2	0.00029183
716.4	0.00028985
716.6	0.00028788
716.8	0.00028593
717	0.00028399
717.2	0.00028206
717.4	0.00027998
717.6	0.00027770
717.8	0.00027544
718	0.00027320
718.2	0.00027097
718.4	0.00026877
718.6	0.00026658
718.8	0.00026441
719	0.00026226
719.2	0.00026012
719.4	0.00025800
719.6	0.00025590
719.8	0.00025382
720	0.00025439
720.2	0.00025828
720.4	0.00026224
720.6	0.00026625
720.8	0.00027033
721	0.00027447
721.2	0.00027868
721.4	0.00028294
721.6	0.00028728
721.8	0.00029168
722	0.00029614
722.2	0.00030068
722.4	0.00030528
722.6	0.00030811
722.8	0.00030859
723	0.00030908
723.2	0.00030956
723.4	0.00031005
723.6	0.00031053
723.8	0.00031102
724	0.00031151
724.2	0.00031200
724.4	0.00031249
724.6	0.00031298
724.8	0.00031347
725	0.00031231
725.2	0.00030902
725.4	0.00030577
725.6	0.00030255
725.8	0.00029937
726	0.00029622
726.2	0.00029310
726.4	0.00029001
726.6	0.00028696
726.8	0.00028394
727	0.00028095
727.2	0.00027799
727.4	0.00027445
727.6	0.00027016
727.8	0.00026594
728	0.00026179
728.2	0.00025770
728.4	0.00025367
728.6	0.00024971
728.8	0.00024581
729	0.00024197
729.2	0.00023819
729.4	0.00023447
729.6	0.00023080
729.8	0.00022720
730	0.00022637
730.2	0.00022890
730.4	0.00023146
730.6	0.00023405
730.8	0.00023667
731	0.00023932
731.2	0.00024200
731.4	0.00024470
731.6	0.00024744
731.8	0.00025021
732	0.00025301
732.2	0.00025584
732.4	0.00025870
732.6	0.00026148
732.8	0.00026415
733	0.00026685
733.2	0.00026958
733.4	0.00027233
733.6	0.00027511
733.8	0.00027792
734	0.00028076
734.2	0.00028363
734.4	0.00028652
734.6	0.00028945
734.8	0.00029241
735	0.00029260
735.2	0.00028961
735.4	0.00028664
735.6	0.00028371
735.8	0.00028081
736	0.00027794
736.2	0.00027510
736.4	0.00027228
736.6	0.00026950
736.8	0.00026674
737	0.00026401
737.2	0.00026131
737.4	0.00025530
737.6	0.00024579
737.8	0.00023664
738	0.00022783
738.2	0.00021935
738.4	0.00021118
738.6	0.00020331
738.8	0.00019574
739	0.00018846
739.2	0.00018144
739.4	0.00017468
739.6	0.00016818
739.8	0.00016192
740	0.00015745
740.2	0.00015494
740.4	0.00015248
740.6	0.00015005
740.8	0.00014766
741	0.00014531
741.2	0.00014300
741.4	0.00014072
741.6	0.00013848
741.8	0.00013628
742	0.00013411
742.2	0.00013197
742.4	0.00012987
742.6	0.00012780
742.8	0.00012576
743	0.00012376
743.2	0.00012179
743.4	0.00011984
743.6	0.00011793
743.8	0.00011605
744	0.00011420
744.2	0.00011238
744.4	0.00011059
744.6	0.00010883
744.8	0.00010709
745	0.00010676
745.2	0.00010816
745.4	0.00010958
745.6	0.00011102
745.8	0.00011247
746	0.00011395
746.2	0.00011545
746.4	0.00011696
746.6	0.00011849
746.8	0.00012005
747	0.00012162
747.2	0.00012322
747.4	0.00012538
747.6	0.00012823
747.8	0.00013114
748	0.00013411
748.2	0.00013716
748.4	0.00014027
748.6	0.00014346
748.8	0.00014671
749	0.00015004
749.2	0.00015345
749.4	0.00015693
749.6	0.00016050
749.8	0.00016414
750	0.00016812
750.2	0.00017251
750.4	0.00017702
750.6	0.00018164
750.8	0.00018639
751	0.00019126
751.2	0.00019626
751.4	0.00020139
751.6	0.00020665
751.8	0.00021205
752	0.00021759
752.2	0.00022328
752.4	0.00022911
752.6	0.00023414
752.8	0.00023798
753	0.00024188
753.2	0.00024585
753.4	0.00024988
753.6	0.00025398
753.8	0.00025814
754	0.00026237
754.2	0.00026668
754.4	0.00027105
754.6	0.00027550
754.8	0.00028001
755	0.00028194
755.2	0.00028063
755.4	0.00027933
755.6	0.00027803
755.8	0.00027675
756	0.00027546
756.2	0.00027418
756.4	0.00027291
756.6	0.00027165
756.8	0.00027039
757	0.00026913
757.2	0.00026788
757.4	0.00026593
757.6	0.00026321
757.8	0.00026052
758	0.00025786
758.2	0.00025523
758.4	0.00025262
758.6	0.00025004
758.8	0.00024749
759	0.00024496
759.2	0.00024245
759.4	0.00023998
759.6	0.00023752
759.8	0.00023510
760	0.00023522
760.2	0.00023845
760.4	0.00024173
760.6	0.00024506
760.8	0.00024843
761	0.00025184
761.2	0.00025531
761.4	0.00025882
761.6	0.00026238
761.8	0.00026599
762	0.00026965
762.2	0.00027336
762.4	0.00027712
762.6	0.00027938
762.8	0.00027953
763	0.00027967
763.2	0.00027982
763.4	0.00027996
763.6	0.00028011
763.8	0.00028025
764	0.00028040
764.2	0.00028054
764.4	0.00028069
764.6	0.00028083
764.8	0.00028098
765	0.00028067
765.2	0.00027980
765.4	0.00027893
765.6	0.00027807
765.8	0.00027720
766	0.00027634
766.2	0.00027549
766.4	0.00027463
766.6	0.00027378
766.8	0.00027293
767	0.00027209
767.2	0.00027124
767.4	0.00027022
767.6	0.00026900
767.8	0.00026779
768	0.00026658
768.2	0.00026538
768.4	0.00026418
768.6	0.00026299
768.8	0.00026180
769	0.00026062
769.2	0.00025945
769.4	0.00025828
769.6	0.00025711
769.8	0.00025595
770	0.00025630
770.2	0.00025859
770.4	0.00026090
770.6	0.00026323
770.8	0.00026558
771	0.00026796
771.2	0.00027035
771.4	0.00027276
771.6	0.00027520
771.8	0.00027766
772	0.00028014
772.2	0.00028264
772.4	0.00028516
772.6	0.00028706
772.8	0.00028796
773	0.00028887
773.2	0.00028979
773.4	0.00029070
773.6	0.00029162
773.8	0.00029254
774	0.00029347
774.2	0.00029439
774.4	0.00029532
774.6	0.00029626
774.8	0.00029719
775	0.00029746
775.2	0.00029684
775.4	0.00029623
775.6	0.00029561
775.8	0.00029500
776	0.00029439
776.2	0.00029378
776.4	0.00029317
776.6	0.00029256
776.8	0.00029196
777	0.00029135
777.2	0.00029075
777.4	0.00028708
777.6	0.00028008
777.8	0.00027326
778	0.00026660
778.2	0.00026010
778.4	0.00025376
778.6	0.00024758
778.8	0.00024154
779	0.00023566
779.2	0.00022991
779.4	0.00022431
779.6	0.00021884
779.8	0.00021351
780	0.00020922
780.2	0.00020622
780.4	0.00020326
780.6	0.00020034
780.8	0.00019747
781	0.00019463
781.2	0.00019184
781.4	0.00018909
781.6	0.00018637
781.8	0.00018370
782	0.00018106
782.2	0.00017846
782.4	0.00017590
782.6	0.00017144
782.8	0.00016414
783	0.00015716
783.2	0.00015046
783.4	0.00014406
783.6	0.00013792
783.8	0.00013205
784	0.00012643
784.2	0.00012104
784.4	0.00011589
784.6	0.00011096
784.8	0.00010623
785	0.00010273
785.2	0.00010304
785.4	0.00010335
785.6	0.00010367
785.8	0.00010398
786	0.00010429
786.2	0.00010461
786.4	0.00010493
786.6	0.00010524
786.8	0.00010556
787	0.00010588
787.2	0.00010620
787.4	0.00010652
787.6	0.00010685
787.8	0.00010590
788	0.00010408
788.2	0.00010230
788.4	0.00010054
788.6	0.00009882
788.8	0.00009712
789	0.00009545
789.2	0.00009381
789.4	0.00009220
789.6	0.00009062
789.8	0.00009069
790	0.00009226
790.2	0.00009385
790.4	0.00009547
790.6	0.00009712
790.8	0.00009880
791	0.00010051
791.2	0.00010224
791.4	0.00010401
791.6	0.00010581
791.8	0.00010764
792	0.00010950
792.2	0.00010893
792.4	0.00010815
792.6	0.00010737
792.8	0.00010660
793	0.00010583
793.2	0.00010507
793.4	0.00010431
793.6	0.00010356
793.8	0.00010282
794	0.00010208
794.2	0.00010134
794.4	0.00010061
794.6	0.00009989
794.8	0.00009917
795	0.00009846
795.2	0.00009775
795.4	0.00009704
795.6	0.00009635
795.8	0.00009565
796	0.00009496
796.2	0.00009422
796.4	0.00009340
796.6	0.00009259
796.8	0.00009178
797	0.00009098
797.2	0.00009019
797.4	0.00008940
797.6	0.00008862
797.8	0.00008785
798	0.00008709
798.2	0.00008608
798.4	0.00008487
798.6	0.00008367
798.8	0.00008249
799	0.00008132
799.2	0.00008017
799.4	0.00007904
799.6	0.00007792
799.8	0.00007682
800	0.00007574
800.2	0.00007530
800.4	0.00007522
800.6	0.00007514
800.8	0.00007507
801	0.00007499
801.2	0.00007491
801.4	0.00007483
801.6	0.00007475
801.8	0.00007467
802	0.00007460
802.2	0.00007419
802.4	0.00007368
802.6	0.00007318
802.8	0.00007267
803	0.00007218
803.2	0.00007168
803.4	0.00007119
803.6	0.00007071
803.8	0.00007022
804	0.00006974
804.2	0.00006988
804.4	0.00007009
804.6	0.00007031
804.8	0.00007052
805	0.00007074
805.2	0.00007095
805.4	0.00007117
805.6	0.00007138
805.8	0.00007160
806	0.00007182
806.2	0.00007229
806.4	0.00007323
806.6	0.00007419
806.8	0.00007516
807	0.00007614
807.2	0.00007714
807.4	0.00007814
807.6	0.00007916
807.8	0.00008020
808	0.00008125
808.2	0.00008185
808.4	0.00008196
808.6	0.00008208
808.8	0.00008219
809	0.00008230
809.2	0.00008242
809.4	0.00008253
809.6	0.00008265
809.8	0.00008276
810	0.00008287
810.2	0.00008360
810.4	0.00008474
810.6	0.00008589
810.8	0.00008705
811	0.00008824
811.2	0.00008943
811.4	0.00009065
811.6	0.00009188
811.8	0.00009313
812	0.00009439
812.2	0.00009632
812.4	0.00009851
812.6	0.00010075
812.8	0.00010305
813	0.00010540
813.2	0.00010780
813.4	0.00011025
813.6	0.00011276
813.8	0.00011533
814	0.00011796
814.2	0.00012176
814.4	0.00012584
814.6	0.00013006
814.8	0.00013443
815	0.00013894
815.2	0.00014360
815.4	0.00014841
815.6	0.00015339
815.8	0.00015854
816	0.00016385
816.2	0.00016950
816.4	0.00017561
816.6	0.00018195
816.8	0.00018851
817	0.00019531
817.2	0.00020236
817.4	0.00020966
817.6	0.00021723
817.8	0.00022506
818	0.00023318
818.2	0.00024203
818.4	0.00025166
818.6	0.00026168
818.8	0.00027211
819	0.00028294
819.2	0.00029421
819.4	0.00030592
819.6	0.00031811
819.8	0.00033078
820	0.00034395
820.2	0.00036116
820.4	0.00038147
820.6	0.00040292
820.8	0.00042558
821	0.00044952
821.2	0.00047479
821.4	0.00050149
821.6	0.00052970
821.8	0.00055948
822	0.00059095
822.2	0.00062423
822.4	0.00065940
822.6	0.00069655
822.8	0.00073580
823	0.00077726
823.2	0.00082105
823.4	0.00086731
823.6	0.00091618
823.8	0.00096780
824	0.00102230
824.2	0.00108010
824.4	0.00114100
824.6	0.00120550
824.8	0.00127360
825	0.00134550
825.2	0.00142150
825.4	0.00150170
825.6	0.00158660
825.8	0.00167620
826	0.00177080
826.2	0.00187080
826.4	0.00197490
826.6	0.00206700
826.8	0.00216340
827	0.00226420
827.2	0.00236980
827.4	0.00248030
827.6	0.00259590
827.8	0.00271690
828	0.00283140
828.2	0.00294510
828.4	0.00306340
828.6	0.00318640
828.8	0.00331440
829	0.00344750
829.2	0.00358590
829.4	0.00372660
829.6	0.00386490
829.8	0.00400830
830	0.00415710
830.2	0.00431130
830.4	0.00447130
830.6	0.00463720
830.8	0.00480930
831	0.00496750
831.2	0.00512880
831.4	0.00529540
831.6	0.00546750
831.8	0.00564510
832	0.00582840
832.2	0.00601780
832.4	0.00622240
832.6	0.00644270
832.8	0.00667080
833	0.00690700
833.2	0.00715160
833.4	0.00740480
833.6	0.00766700
833.8	0.00794420
834	0.00827150
834.2	0.00861220
834.4	0.00896690
834.6	0.00933630
834.8	0.00972080
835	0.01012100
835.2	0.01056200
835.4	0.01102300
835.6	0.01150300
835.8	0.01203700
836	0.01276700
836.2	0.01325700
836.4	0.01389900
836.6	0.01467900
836.8	0.01551300
837	0.01628200
837.2	0.01719900
837.4	0.01821400
837.6	0.01935700
837.8	0.02067100
838	0.02216200
838.2	0.02339500
838.4	0.02492700
838.6	0.02682100
838.8	0.02887400
839	0.03090900
839.2	0.03335100
839.4	0.03591800
839.6	0.03881400
839.8	0.04195500
840	0.04529300
840.2	0.04893200
840.4	0.05313200
840.6	0.05777700
840.8	0.06269700
841	0.06799300
841.2	0.07397300
841.4	0.08032900
841.6	0.08714000
841.8	0.09454100
842	0.10200000
842.2	0.11000000
842.4	0.11800000
842.6	0.12700000
842.8	0.13500000
843	0.14300000
843.2	0.15100000
843.4	0.15800000
843.6	0.16300000
843.8	0.16800000
844	0.17100000
844.2	0.17400000
844.4	0.17500000
844.6	0.17600000
844.8	0.17400000
845	0.17200000
845.2	0.16800000
845.4	0.16400000
845.6	0.16100000
845.8	0.15700000
846	0.15300000
846.2	0.14800000
846.4	0.14400000
846.6	0.14000000
846.8	0.13600000
847	0.13200000
847.2	0.12900000
847.4	0.12600000
847.6	0.12300000
847.8	0.12000000
848	0.11700000
848.2	0.11400000
848.4	0.11200000
848.6	0.11000000
848.8	0.10900000
849	0.10700000
849.2	0.10600000
849.4	0.10400000
849.6	0.10300000
849.8	0.10300000
850	0.10200000
850.2	0.10200000
850.4	0.10100000
850.6	0.10100000
850.8	0.10100000
851	0.10100000
851.2	0.10200000
851.4	0.10200000
851.6	0.10200000
851.8	0.10300000
852	0.10400000
852.2	0.10500000
852.4	0.10600000
852.6	0.10800000
852.8	0.10900000
853	0.11100000
853.2	0.11300000
853.4	0.11500000
853.6	0.11700000
853.8	0.11900000
854	0.12200000
854.2	0.12500000
854.4	0.12800000
854.6	0.13100000
854.8	0.13400000
855	0.13800000
855.2	0.13800000
855.4	0.13900000
855.6	0.13900000
855.8	0.14300000
856	0.14700000
856.2	0.15100000
856.4	0.15600000
856.6	0.16100000
856.8	0.16800000
857	0.17400000
857.2	0.18000000
857.4	0.18600000
857.6	0.19500000
857.8	0.20200000
858	0.21100000
858.2	0.21900000
858.4	0.22800000
858.6	0.23800000
858.8	0.24900000
859	0.26100000
859.2	0.27200000
859.4	0.28500000
859.6	0.29800000
859.8	0.31300000
860	0.32800000
860.2	0.34500000
860.4	0.36200000
860.6	0.38000000
860.8	0.40000000
861	0.42400000
861.2	0.44600000
861.4	0.46900000
861.6	0.49400000
861.8	0.52400000
862	0.55600000
862.2	0.58900000
862.4	0.62500000
862.6	0.66200000
862.8	0.70500000
863	0.74800000
863.2	0.79800000
863.4	0.84800000
863.6	0.90600000
863.8	0.97100000
864	1.03800000
864.2	1.11400000
864.4	1.19400000
864.6	1.28300000
864.8	1.38400000
865	1.49600000
865.2	1.60900000
865.4	1.73100000
865.6	1.86200000
865.8	2.01200000
866	2.19600000
866.2	2.40100000
866.4	2.63100000
866.6	2.89200000
866.8	3.18900000
867	3.52500000
867.2	3.91200000
867.4	4.35700000
867.6	4.87200000
867.8	5.46600000
868	6.15900000
868.2	6.97300000
868.4	7.91400000
868.6	9.01400000
868.8	10.30100000
869	11.83000000
869.2	13.61100000
869.4	15.66300000
869.6	17.98800000
869.8	20.57200000
870	23.32800000
870.2	26.15500000
870.4	28.73800000
870.6	30.89700000
870.8	32.31200000
871	32.87600000
871.2	32.47000000
871.4	31.23600000
871.6	29.39900000
871.8	27.22100000
872	24.93300000
872.2	22.65800000
872.4	20.51000000
872.6	18.57400000
872.8	16.84200000
873	15.30500000
873.2	13.95900000
873.4	12.79100000
873.6	11.76200000
873.8	10.86400000
874	10.08000000
874.2	9.39200000
874.4	8.79400000
874.6	8.27200000
874.8	7.79400000
875	7.38600000
875.2	7.06800000
875.4	6.76300000
875.6	6.47200000
875.8	6.20700000
876	5.98100000
876.2	5.76800000
876.4	5.59600000
876.6	5.44100000
876.8	5.30900000
877	5.18400000
877.2	5.08300000
877.4	4.98200000
877.6	4.90400000
877.8	4.83900000
878	4.78800000
878.2	4.74800000
878.4	4.72200000
878.6	4.69900000
878.8	4.68200000
879	4.67400000
879.2	4.68600000
879.4	4.69900000
879.6	4.72800000
879.8	4.77500000
880	4.81900000
880.2	4.87300000
880.4	4.93000000
880.6	5.00000000
880.8	5.09100000
881	5.19000000
881.2	5.30800000
881.4	5.42200000
881.6	5.55700000
881.8	5.70000000
882	5.86100000
882.2	6.03900000
882.4	6.22900000
882.6	6.45200000
882.8	6.68900000
883	6.94700000
883.2	7.22200000
883.4	7.52700000
883.6	7.85600000
883.8	8.21600000
884	8.62000000
884.2	9.04800000
884.4	9.51500000
884.6	10.02800000
884.8	10.60100000
885	11.23500000
885.2	11.86000000
885.4	12.52100000
885.6	13.21800000
885.8	14.02600000
886	14.97800000
886.2	16.02100000
886.4	17.18700000
886.6	18.47800000
886.8	19.87300000
887	21.39400000
887.2	23.10200000
887.4	24.97600000
887.6	27.00600000
887.8	29.26500000
888	31.75200000
888.2	34.43000000
888.4	37.33400000
888.6	40.46900000
888.8	43.78500000
889	47.26100000
889.2	50.94200000
889.4	54.70900000
889.6	58.57300000
889.8	62.39800000
890	66.06900000
890.2	69.52800000
890.4	72.60100000
890.6	75.28300000
890.8	77.43600000
891	79.02800000
891.2	80.08900000
891.4	80.63900000
891.6	80.63400000
891.8	80.07300000
892	79.08200000
892.2	77.80600000
892.4	76.25200000
892.6	74.41000000
892.8	72.54200000
893	70.59700000
893.2	68.62700000
893.4	66.67400000
893.6	64.81600000
893.8	63.03100000
894	61.31300000
894.2	59.70500000
894.4	58.14600000
894.6	56.70400000
894.8	55.41600000
895	54.21900000
895.2	53.23500000
895.4	52.26800000
895.6	51.31900000
895.8	50.45300000
896	49.74300000
896.2	49.08900000
896.4	48.49700000
896.6	47.96100000
896.8	47.51500000
897	47.15100000
897.2	46.83000000
897.4	46.56300000
897.6	46.35000000
897.8	46.16600000
898	46.03200000
898.2	45.88600000
898.4	45.86300000
898.6	45.79800000
898.8	45.72600000
899	45.75200000
899.2	45.73700000
899.4	45.78100000
899.6	45.81800000
899.8	45.87600000
900	45.94400000
900.2	46.02000000
900.4	46.00500000
900.6	46.02400000
900.8	46.04400000
901	46.02600000
901.2	45.98200000
901.4	45.95600000
901.6	45.83800000
901.8	45.77700000
902	45.70300000
902.2	45.54400000
902.4	45.41200000
902.6	45.21600000
902.8	45.11000000
903	44.95200000
903.2	44.71300000
903.4	44.53800000
903.6	44.30000000
903.8	44.10500000
904	43.85200000
904.2	43.62100000
904.4	43.41100000
904.6	43.18900000
904.8	42.95200000
905	42.73200000
905.2	42.56600000
905.4	42.40100000
905.6	42.23700000
905.8	42.03100000
906	41.87600000
906.2	41.74100000
906.4	41.66000000
906.6	41.60400000
906.8	41.58300000
907	41.55200000
907.2	41.59800000
907.4	41.66200000
907.6	41.76600000
907.8	41.90000000
908	42.09000000
908.2	42.29400000
908.4	42.57200000
908.6	42.85000000
908.8	43.17400000
909	43.56600000
909.2	44.00300000
909.4	44.49800000
909.6	45.03500000
909.8	45.58400000
910	46.23600000
910.2	46.94000000
910.4	47.70500000
910.6	48.48400000
910.8	49.29800000
911	50.18200000
911.2	51.15000000
911.4	52.18300000
911.6	53.27600000
911.8	54.42800000
912	55.59500000
912.2	56.78300000
912.4	58.04600000
912.6	59.31600000
912.8	60.62100000
913	61.95400000
913.2	63.27900000
913.4	64.60600000
913.6	65.88800000
913.8	67.13600000
914	68.36400000
914.2	69.54600000
914.4	70.58000000
914.6	71.53700000
914.8	72.25900000
915	72.92200000
915.2	73.20600000
915.4	73.49000000
915.6	73.77600000
915.8	73.83000000
916	73.45900000
916.2	72.90000000
916.4	72.14700000
916.6	71.17100000
916.8	70.06200000
917	68.75900000
917.2	67.35500000
917.4	65.78700000
917.6	64.13100000
917.8	62.37700000
918	60.63200000
918.2	58.79700000
918.4	56.95200000
918.6	55.09200000
918.8	53.29000000
919	51.45400000
919.2	49.69100000
919.4	48.00400000
919.6	46.35000000
919.8	44.75800000
920	43.21500000
920.2	41.77400000
920.4	40.33800000
920.6	38.96000000
920.8	37.68800000
921	36.49400000
921.2	35.35700000
921.4	34.26800000
921.6	33.25600000
921.8	32.28100000
922	31.37100000
922.2	30.50500000
922.4	29.71100000
922.6	28.97700000
922.8	28.25100000
923	27.60100000
923.2	27.00100000
923.4	26.43700000
923.6	25.86900000
923.8	25.36400000
924	24.90100000
924.2	24.49000000
924.4	24.11000000
924.6	23.76100000
924.8	23.46200000
925	23.18700000
925.2	22.95800000
925.4	22.73100000
925.6	22.50700000
925.8	22.33000000
926	22.18900000
926.2	22.07900000
926.4	21.93300000
926.6	21.84800000
926.8	21.79800000
927	21.76500000
927.2	21.77500000
927.4	21.78800000
927.6	21.82400000
927.8	21.85800000
928	21.96900000
928.2	22.07100000
928.4	22.20300000
928.6	22.36100000
928.8	22.52700000
929	22.73900000
929.2	22.94900000
929.4	23.21300000
929.6	23.51300000
929.8	23.84100000
930	24.21700000
930.2	24.60700000
930.4	25.01200000
930.6	25.39100000
930.8	25.86200000
931	26.42100000
931.2	26.91800000
931.4	27.47700000
931.6	28.12900000
931.8	28.81700000
932	29.50400000
932.2	30.18300000
932.4	30.91900000
932.6	31.81200000
932.8	32.70600000
933	33.65200000
933.2	34.56100000
933.4	35.75900000
933.6	36.77600000
933.8	37.85400000
934	39.09000000
934.2	40.15200000
934.4	41.64500000
934.6	43.23500000
934.8	44.59400000
935	46.13100000
935.2	47.72700000
935.4	49.37900000
935.6	51.08800000
935.8	52.71400000
936	54.56000000
936.2	56.50900000
936.4	58.49800000
936.6	60.46600000
936.8	62.46700000
937	64.53900000
937.2	66.46300000
937.4	68.62100000
937.6	70.77700000
937.8	72.72100000
938	74.78800000
938.2	76.58800000
938.4	78.58600000
938.6	80.41900000
938.8	82.02500000
939	83.71600000
939.2	85.21800000
939.4	86.58600000
939.6	87.84000000
939.8	89.01300000
940	89.96600000
940.2	90.78900000
940.4	91.27600000
940.6	91.72400000
940.8	92.00900000
941	92.08400000
941.2	92.05700000
941.4	91.91400000
941.6	91.63600000
941.8	91.23600000
942	90.83900000
942.2	90.19200000
942.4	89.54800000
942.6	88.89900000
942.8	87.85400000
943	87.24400000
943.2	86.41800000
943.4	85.55700000
943.6	84.75800000
943.8	83.85100000
944	83.09700000
944.2	82.04600000
944.4	81.23200000
944.6	80.44600000
944.8	79.67100000
945	78.86900000
945.2	78.21200000
945.4	77.56100000
945.6	76.91500000
945.8	76.36600000
946	75.79600000
946.2	74.93800000
946.4	74.56300000
946.6	74.07200000
946.8	73.66500000
947	73.14600000
947.2	72.84200000
947.4	72.55500000
947.6	72.10600000
947.8	71.83400000
948	71.78300000
948.2	71.26800000
948.4	71.08300000
948.6	70.92000000
948.8	70.75000000
949	70.70000000
949.2	70.76000000
949.4	70.60100000
949.6	70.54900000
949.8	70.51000000
950	70.76600000
950.2	70.47900000
950.4	70.62900000
950.6	70.57000000
950.8	70.59300000
951	70.65900000
951.2	70.73700000
951.4	70.84200000
951.6	70.99300000
951.8	70.89700000
952	70.98200000
952.2	70.92800000
952.4	70.90500000
952.6	71.02600000
952.8	71.03400000
953	71.05300000
953.2	71.11700000
953.4	71.12500000
953.6	71.05600000
953.8	71.02200000
954	70.92800000
954.2	70.90100000
954.4	70.75100000
954.6	70.63200000
954.8	70.61100000
955	70.46100000
955.2	70.32200000
955.4	70.18300000
955.6	70.04400000
955.8	69.91800000
956	69.61500000
956.2	69.37800000
956.4	69.10800000
956.6	68.83400000
956.8	68.50400000
957	68.27900000
957.2	67.93900000
957.4	67.66200000
957.6	67.38300000
957.8	67.01500000
958	66.71900000
958.2	66.34800000
958.4	65.96500000
958.6	65.67400000
958.8	65.41900000
959	65.10500000
959.2	64.77800000
959.4	64.48900000
959.6	64.17600000
959.8	63.90500000
960	63.64200000
960.2	63.40200000
960.4	63.17500000
960.6	62.96300000
960.8	62.67400000
961	62.49200000
961.2	62.25000000
961.4	62.07400000
961.6	61.90600000
961.8	61.79500000
962	61.72000000
962.2	61.61500000
962.4	61.56200000
962.6	61.45400000
962.8	61.40600000
963	61.42600000
963.2	61.39400000
963.4	61.41700000
963.6	61.52000000
963.8	61.62900000
964	61.72300000
964.2	61.87000000
964.4	62.04900000
964.6	62.15800000
964.8	62.41100000
965	62.75000000
965.2	63.04600000
965.4	63.34400000
965.6	63.64200000
965.8	63.99600000
966	64.33400000
966.2	64.71500000
966.4	65.14500000
966.6	65.59200000
966.8	66.01900000
967	66.48300000
967.2	66.98300000
967.4	67.52500000
967.6	68.10800000
967.8	68.60300000
968	69.16500000
968.2	69.83000000
968.4	70.45600000
968.6	71.07900000
968.8	71.73800000
969	72.41400000
969.2	73.01700000
969.4	73.69400000
969.6	74.42500000
969.8	75.10900000
970	75.79600000
970.2	76.55200000
970.4	77.16500000
970.6	77.75900000
970.8	78.37100000
971	79.06900000
971.2	79.64600000
971.4	80.21300000
971.6	80.79700000
971.8	81.29200000
972	81.75000000
972.2	82.28500000
972.4	82.77900000
972.6	83.14300000
972.8	83.44200000
973	83.85800000
973.2	84.11600000
973.4	84.32800000
973.6	84.50700000
973.8	84.72800000
974	84.79300000
974.2	84.89000000
974.4	84.98500000
974.6	84.98000000
974.8	84.88800000
975	84.73300000
975.2	84.58300000
975.4	84.43400000
975.6	84.28500000
975.8	84.01200000
976	83.69500000
976.2	83.34100000
976.4	83.03200000
976.6	82.66700000
976.8	82.14200000
977	81.61600000
977.2	80.99700000
977.4	80.47700000
977.6	79.95600000
977.8	79.43700000
978	78.80200000
978.2	78.25600000
978.4	77.74700000
978.6	77.12300000
978.8	76.56000000
979	75.96400000
979.2	75.35700000
979.4	74.68600000
979.6	74.12600000
979.8	73.56900000
980	72.93200000
980.2	72.35900000
980.4	71.81700000
980.6	71.25200000
980.8	70.68000000
981	70.21000000
981.2	69.65300000
981.4	69.03200000
981.6	68.54900000
981.8	68.12300000
982	67.66100000
982.2	67.08600000
982.4	66.67500000
982.6	66.28300000
982.8	65.94600000
983	65.59400000
983.2	65.23100000
983.4	64.89600000
983.6	64.50300000
983.8	64.21500000
984	63.97600000
984.2	63.69100000
984.4	63.40000000
984.6	63.10200000
984.8	62.92900000
985	62.77600000
985.2	62.56900000
985.4	62.36300000
985.6	62.15800000
985.8	62.11900000
986	61.91200000
986.2	61.68100000
986.4	61.60100000
986.6	61.59300000
986.8	61.49400000
987	61.40500000
987.2	61.29200000
987.4	61.25500000
987.6	61.25700000
987.8	61.21400000
988	61.18500000
988.2	61.15100000
988.4	61.12600000
988.6	61.14000000
988.8	61.13600000
989	61.13700000
989.2	61.09500000
989.4	61.06700000
989.6	61.12500000
989.8	61.21000000
990	61.21700000
990.2	61.24000000
990.4	61.25600000
990.6	61.31300000
990.8	61.27500000
991	61.27700000
991.2	61.35700000
991.4	61.36800000
991.6	61.36800000
991.8	61.35900000
992	61.38500000
992.2	61.41700000
992.4	61.48200000
992.6	61.43200000
992.8	61.41300000
993	61.45000000
993.2	61.49800000
993.4	61.45300000
993.6	61.43700000
993.8	61.45000000
994	61.41800000
994.2	61.37100000
994.4	61.36000000
994.6	61.38200000
994.8	61.44100000
995	61.45600000
995.2	61.42900000
995.4	61.40300000
995.6	61.37600000
995.8	61.37500000
996	61.27900000
996.2	61.21400000
996.4	61.18000000
996.6	61.16500000
996.8	61.18300000
997	61.14800000
997.2	61.09500000
997.4	61.11700000
997.6	61.07500000
997.8	61.04200000
998	60.96400000
998.2	60.98300000
998.4	60.98000000
998.6	60.98500000
998.8	60.97300000
999	60.99200000
999.2	61.05500000
999.4	61.09400000
999.6	61.05800000
999.8	61.06100000
1000	61.22400000
1000.2	61.34500000
1000.4	61.35900000
1000.6	61.38400000
1000.8	61.54700000
1001	61.70100000
1001.2	61.79300000
1001.4	61.85900000
1001.6	61.97300000
1001.8	62.24000000
1002	62.38500000
1002.2	62.45700000
1002.4	62.58500000
1002.6	62.86500000
1002.8	63.13100000
1003	63.30700000
1003.2	63.47600000
1003.4	63.73500000
1003.6	64.11400000
1003.8	64.38600000
1004	64.68200000
1004.2	64.99800000
1004.4	65.32500000
1004.6	65.67900000
1004.8	66.04400000
1005	66.51400000
1005.2	68.50500000
1005.4	68.98200000
1005.6	69.37700000
1005.8	69.86800000
1006	70.26600000
1006.2	70.90100000
1006.4	71.46100000
1006.6	71.91600000
1006.8	72.40600000
1007	72.99100000
1007.2	73.60400000
1007.4	74.12700000
1007.6	74.70300000
1007.8	75.35400000
1008	76.02300000
1008.2	76.61300000
1008.4	77.24400000
1008.6	77.86200000
1008.8	78.53400000
1009	79.16800000
1009.2	79.83800000
1009.4	80.54400000
1009.6	81.14600000
1009.8	81.79500000
1010	82.53000000
1010.2	83.23100000
1010.4	83.85400000
1010.6	84.51200000
1010.8	85.16700000
1011	85.80300000
1011.2	86.48600000
1011.4	87.05900000
1011.6	87.69700000
1011.8	88.26400000
1012	88.85300000
1012.2	89.38100000
1012.4	89.98000000
1012.6	90.45900000
1012.8	90.96100000
1013	91.44600000
1013.2	91.90700000
1013.4	92.34300000
1013.6	92.73900000
1013.8	93.08200000
1014	93.39400000
1014.2	93.72500000
1014.4	93.99300000
1014.6	94.30600000
1014.8	94.42300000
1015	94.56300000
1015.2	94.72800000
1015.4	94.83100000
1015.6	94.91300000
1015.8	94.88000000
1016	94.88000000
1016.2	94.90600000
1016.4	94.86700000
1016.6	94.79100000
1016.8	94.65900000
1017	94.48500000
1017.2	94.31400000
1017.4	94.14200000
1017.6	93.85700000
1017.8	93.69600000
1018	93.41600000
1018.2	93.10100000
1018.4	92.71700000
1018.6	92.50000000
1018.8	92.14000000
1019	91.78800000
1019.2	91.44000000
1019.4	91.05300000
1019.6	90.62200000
1019.8	90.15300000
1020	89.87400000
1020.2	89.46000000
1020.4	89.05500000
1020.6	88.54900000
1020.8	88.13200000
1021	87.83200000
1021.2	87.40700000
1021.4	86.91000000
1021.6	86.53200000
1021.8	86.05600000
1022	85.66800000
1022.2	85.26700000
1022.4	84.87600000
1022.6	84.41000000
1022.8	84.00500000
1023	83.67400000
1023.2	83.28600000
1023.4	82.87700000
1023.6	82.55600000
1023.8	82.14700000
1024	81.78500000
1024.2	81.42800000
1024.4	81.12000000
1024.6	80.70800000
1024.8	80.42700000
1025	79.93800000
1025.2	79.48100000
1025.4	79.23400000
1025.6	78.99000000
1025.8	78.63400000
1026	78.28500000
1026.2	78.04800000
1026.4	77.83600000
1026.6	77.56300000
1026.8	77.33900000
1027	77.03700000
1027.2	76.71800000
1027.4	76.40800000
1027.6	76.24100000
1027.8	76.01500000
1028	75.71900000
1028.2	75.50900000
1028.4	75.23100000
1028.6	74.88100000
1028.8	74.67900000
1029	74.56900000
1029.2	74.24100000
1029.4	73.96200000
1029.6	73.70300000
1029.8	73.42100000
1030	73.19300000
1030.2	72.96400000
1030.4	72.77000000
1030.6	72.50500000
1030.8	72.21400000
1031	71.94700000
1031.2	71.56600000
1031.4	71.33600000
1031.6	71.13800000
1031.8	70.77300000
1032	70.45900000
1032.2	70.17800000
1032.4	69.86100000
1032.6	69.54200000
1032.8	69.30300000
1033	68.98600000
1033.2	68.69500000
1033.4	68.32000000
1033.6	67.96300000
1033.8	67.55600000
1034	67.30400000
1034.2	66.93800000
1034.4	66.57000000
1034.6	66.19700000
1034.8	65.80700000
1035	65.41700000
1035.2	65.03200000
1035.4	64.66600000
1035.6	64.31500000
1035.8	63.91400000
1036	63.59100000
1036.2	63.12000000
1036.4	62.76100000
1036.6	62.36100000
1036.8	62.01800000
1037	61.63600000
1037.2	61.24500000
1037.4	60.81800000
1037.6	60.46100000
1037.8	60.10000000
1038	59.69400000
1038.2	59.28900000
1038.4	58.95600000
1038.6	58.64600000
1038.8	58.24500000
1039	57.82900000
1039.2	57.49600000
1039.4	57.12200000
1039.6	56.87800000
1039.8	56.52900000
1040	56.25500000
1040.2	55.86400000
1040.4	55.56700000
1040.6	55.26600000
1040.8	54.93600000
1041	54.71900000
1041.2	54.39200000
1041.4	54.21900000
1041.6	53.89900000
1041.8	53.65100000
1042	53.39100000
1042.2	53.20700000
1042.4	52.97800000
1042.6	52.80000000
1042.8	52.59800000
1043	52.43200000
1043.2	52.30700000
1043.4	52.05300000
1043.6	51.96700000
1043.8	51.83900000
1044	51.62600000
1044.2	51.55900000
1044.4	51.48500000
1044.6	51.45100000
1044.8	51.33400000
1045	51.18200000
1045.2	51.04600000
1045.4	51.08900000
1045.6	50.98300000
1045.8	50.92900000
1046	50.91500000
1046.2	50.84300000
1046.4	50.90300000
1046.6	50.97700000
1046.8	51.02000000
1047	51.14500000
1047.2	51.20200000
1047.4	51.26700000
1047.6	51.32300000
1047.8	51.43500000
1048	51.57900000
1048.2	51.75500000
1048.4	51.96800000
1048.6	51.96200000
1048.8	52.23300000
1049	52.42300000
1049.2	52.50600000
1049.4	52.75600000
1049.6	52.98100000
1049.8	53.22000000
1050	53.52900000
1050.2	53.78900000
1050.4	54.08100000
1050.6	54.34500000
1050.8	54.60000000
1051	54.87000000
1051.2	55.26800000
1051.4	55.53000000
1051.6	55.94800000
1051.8	56.25200000
1052	56.65400000
1052.2	57.09700000
1052.4	57.43500000
1052.6	57.75500000
1052.8	58.24800000
1053	58.60500000
1053.2	58.97800000
1053.4	59.52300000
1053.6	59.92500000
1053.8	60.30600000
1054	60.86200000
1054.2	61.24300000
1054.4	61.80400000
1054.6	62.21000000
1054.8	62.69900000
1055	63.10400000
1055.2	63.38700000
1055.4	63.99200000
1055.6	64.49500000
1055.8	64.89400000
1056	65.43400000
1056.2	65.91400000
1056.4	66.29200000
1056.6	66.80500000
1056.8	67.27400000
1057	67.61300000
1057.2	68.21000000
1057.4	68.45000000
1057.6	69.06400000
1057.8	69.43200000
1058	69.86900000
1058.2	70.23200000
1058.4	70.63400000
1058.6	70.98100000
1058.8	71.28700000
1059	71.60500000
1059.2	71.98200000
1059.4	72.34800000
1059.6	72.51000000
1059.8	72.92400000
1060	73.09500000
1060.2	73.39600000
1060.4	73.68600000
1060.6	73.85400000
1060.8	73.95000000
1061	74.11600000
1061.2	74.25800000
1061.4	74.42900000
1061.6	74.52500000
1061.8	74.59000000
1062	74.78300000
1062.2	74.77300000
1062.4	74.87300000
1062.6	74.83700000
1062.8	74.88000000
1063	74.94800000
1063.2	74.97300000
1063.4	74.80600000
1063.6	74.89500000
1063.8	74.69800000
1064	74.77400000
1064.2	74.73100000
1064.4	74.56600000
1064.6	74.45700000
1064.8	74.49000000
1065	74.20400000
1065.2	74.02400000
1065.4	73.79100000
1065.6	73.84300000
1065.8	73.70900000
1066	73.40300000
1066.2	73.50600000
1066.4	73.27900000
1066.6	73.10600000
1066.8	72.96000000
1067	72.79700000
1067.2	72.84300000
1067.4	72.56100000
1067.6	72.59900000
1067.8	72.51200000
1068	72.31400000
1068.2	72.45900000
1068.4	72.25400000
1068.6	72.14000000
1068.8	72.09200000
1069	71.93800000
1069.2	71.89300000
1069.4	71.80600000
1069.6	71.86100000
1069.8	71.76500000
1070	71.80700000
1070.2	71.89700000
1070.4	71.81500000
1070.6	71.94900000
1070.8	72.00200000
1071	72.00900000
1071.2	72.09200000
1071.4	72.19200000
1071.6	72.25700000
1071.8	72.25600000
1072	72.30700000
1072.2	72.60900000
1072.4	72.65700000
1072.6	72.79300000
1072.8	72.94500000
1073	73.08700000
1073.2	73.51600000
1073.4	73.55100000
1073.6	73.89000000
1073.8	74.00000000
1074	74.31400000
1074.2	74.64300000
1074.4	74.86300000
1074.6	75.23700000
1074.8	75.46400000
1075	75.70800000
1075.2	76.07600000
1075.4	76.34400000
1075.6	76.83300000
1075.8	77.06100000
1076	77.52000000
1076.2	77.86400000
1076.4	78.28400000
1076.6	78.72000000
1076.8	79.09200000
1077	79.67800000
1077.2	79.97000000
1077.4	80.34400000
1077.6	80.75400000
1077.8	81.30500000
1078	81.75300000
1078.2	82.24600000
1078.4	82.80900000
1078.6	83.12600000
1078.8	83.41900000
1079	84.06900000
1079.2	84.45500000
1079.4	84.89100000
1079.6	85.37600000
1079.8	85.85100000
1080	86.38100000
1080.2	86.74500000
1080.4	87.20200000
1080.6	87.47000000
1080.8	87.98100000
1081	88.45700000
1081.2	88.76800000
1081.4	89.28000000
1081.6	89.62000000
1081.8	89.96600000
1082	90.05000000
1082.2	90.43600000
1082.4	90.62200000
1082.6	90.90200000
1082.8	91.19900000
1083	91.45000000
1083.2	91.62500000
1083.4	91.78500000
1083.6	91.72300000
1083.8	91.94500000
1084	91.94600000
1084.2	92.01500000
1084.4	92.01000000
1084.6	92.00300000
1084.8	91.98300000
1085	91.97100000
1085.2	91.85100000
1085.4	91.80700000
1085.6	91.58800000
1085.8	91.45500000
1086	91.23800000
1086.2	90.92800000
1086.4	90.74800000
1086.6	90.40100000
1086.8	90.10200000
1087	89.76200000
1087.2	89.41400000
1087.4	89.06600000
1087.6	88.56800000
1087.8	88.27300000
1088	88.02100000
1088.2	87.55700000
1088.4	87.18600000
1088.6	86.51400000
1088.8	86.14800000
1089	85.71400000
1089.2	85.23700000
1089.4	84.77800000
1089.6	84.31200000
1089.8	83.75700000
1090	83.08000000
1090.2	82.50200000
1090.4	81.75000000
1090.6	81.64700000
1090.8	80.80700000
1091	80.52600000
1091.2	79.87800000
1091.4	79.59600000
1091.6	78.96100000
1091.8	78.61300000
1092	77.90900000
1092.2	77.66400000
1092.4	77.15100000
1092.6	76.67900000
1092.8	76.21000000
1093	75.87600000
1093.2	75.50200000
1093.4	75.12700000
1093.6	74.55800000
1093.8	74.15700000
1094	73.83200000
1094.2	73.36800000
1094.4	73.21900000
1094.6	72.80100000
1094.8	72.38200000
1095	72.19000000
1095.2	71.84400000
1095.4	71.68000000
1095.6	71.31100000
1095.8	71.20100000
1096	70.86000000
1096.2	70.65200000
1096.4	70.37100000
1096.6	70.18400000
1096.8	69.99600000
1097	69.83800000
1097.2	69.83100000
1097.4	69.57400000
1097.6	69.58900000
1097.8	69.20200000
1098	69.51100000
1098.2	69.22900000
1098.4	69.36200000
1098.6	69.38800000
1098.8	69.27000000
1099	69.30000000
1099.2	69.36000000
1099.4	69.53700000
1099.6	69.33000000
1099.8	69.32800000
1100	69.60700000
1100.2	69.74900000
1100.4	69.85900000
1100.6	70.07200000
1100.8	70.12800000
1101	70.39000000
1101.2	70.50200000
1101.4	70.61100000
1101.6	70.89500000
1101.8	71.01700000
1102	71.46100000
1102.2	71.65300000
1102.4	72.00600000
1102.6	72.12200000
1102.8	72.46000000
1103	72.74100000
1103.2	73.04500000
1103.4	73.45600000
1103.6	73.67800000
1103.8	74.15800000
1104	74.64500000
1104.2	74.83600000
1104.4	75.48700000
1104.6	75.68100000
1104.8	76.15800000
1105	76.44200000
1105.2	77.06400000
1105.4	77.49800000
1105.6	77.71700000
1105.8	77.94700000
1106	78.67900000
1106.2	78.99400000
1106.4	79.59700000
1106.6	80.03600000
1106.8	80.70100000
1107	81.02800000
1107.2	81.44300000
1107.4	82.04300000
1107.6	82.44100000
1107.8	83.19400000
1108	83.34600000
1108.2	83.94800000
1108.4	84.39000000
1108.6	84.96700000
1108.8	85.25300000
1109	85.74400000
1109.2	86.17000000
1109.4	86.64900000
1109.6	87.21000000
1109.8	87.57900000
1110	87.97500000
1110.2	88.48200000
1110.4	88.63200000
1110.6	89.11300000
1110.8	89.40900000
1111	89.94400000
1111.2	90.15400000
1111.4	90.47900000
1111.6	90.76500000
1111.8	91.07900000
1112	91.30800000
1112.2	91.62400000
1112.4	91.80500000
1112.6	92.20000000
1112.8	92.26200000
1113	92.46600000
1113.2	92.65500000
1113.4	92.65600000
1113.6	92.54800000
1113.8	92.98700000
1114	92.84000000
1114.2	93.02400000
1114.4	93.25600000
1114.6	93.01600000
1114.8	92.82200000
1115	92.86600000
1115.2	92.67600000
1115.4	92.84900000
1115.6	92.84500000
1115.8	92.48100000
1116	92.78800000
1116.2	92.42100000
1116.4	92.22100000
1116.6	91.85200000
1116.8	91.97800000
1117	91.46100000
1117.2	91.72200000
1117.4	91.24900000
1117.6	90.88500000
1117.8	90.51700000
1118	90.40800000
1118.2	90.02400000
1118.4	89.88500000
1118.6	89.75900000
1118.8	89.30700000
1119	88.96700000
1119.2	88.80100000
1119.4	88.27800000
1119.6	88.28800000
1119.8	87.58700000
1120	87.88200000
1120.2	87.31500000
1120.4	87.05500000
1120.6	86.65800000
1120.8	85.88300000
1121	86.32200000
1121.2	86.02900000
1121.4	85.73700000
1121.6	85.44600000
1121.8	85.15600000
1122	84.86800000
1122.2	84.63500000
1122.4	84.40300000
1122.6	84.17100000
1122.8	83.94000000
1123	83.70900000
1123.2	83.46300000
1123.4	83.21800000
1123.6	82.97300000
1123.8	82.72900000
1124	82.48600000
1124.2	82.20200000
1124.4	81.92000000
1124.6	81.63800000
1124.8	81.35800000
1125	81.08400000
1125.2	81.03400000
1125.4	80.98400000
1125.6	80.93400000
1125.8	80.88400000
1126	80.83100000
1126.2	80.69600000
1126.4	80.56100000
1126.6	80.42600000
1126.8	80.29100000
1127	80.15900000
1127.2	80.17800000
1127.4	80.19600000
1127.6	80.21400000
1127.8	80.23300000
1128	80.25200000
1128.2	80.28500000
1128.4	80.31900000
1128.6	80.35300000
1128.8	80.38700000
1129	80.42200000
1129.2	80.47300000
1129.4	80.52400000
1129.6	80.57500000
1129.8	80.62600000
1130	80.67700000
1130.2	80.75100000
1130.4	80.82400000
1130.6	80.89800000
1130.8	80.97100000
1131	81.04700000
1131.2	81.19300000
1131.4	81.33800000
1131.6	81.48400000
1131.8	81.63000000
1132	81.77700000
1132.2	81.95000000
1132.4	82.12300000
1132.6	82.29700000
1132.8	82.47100000
1133	82.64500000
1133.2	82.81500000
1133.4	82.98500000
1133.6	83.15600000
1133.8	83.32800000
1134	83.49800000
1134.2	83.64000000
1134.4	83.78200000
1134.6	83.92400000
1134.8	84.06700000
1135	84.21000000
1135.2	84.35300000
1135.4	84.49600000
1135.6	84.64000000
1135.8	84.78300000
1136	84.92900000
1136.2	85.12200000
1136.4	85.31600000
1136.6	85.51000000
1136.8	85.70500000
1137	85.89900000
1137.2	86.01900000
1137.4	86.14000000
1137.6	86.26100000
1137.8	86.38300000
1138	86.50100000
1138.2	86.54200000
1138.4	86.58200000
1138.6	86.62300000
1138.8	86.66300000
1139	86.70400000
1139.2	86.73100000
1139.4	86.75800000
1139.6	86.78400000
1139.8	86.81100000
1140	86.83700000
1140.2	86.83600000
1140.4	86.83400000
1140.6	86.83200000
1140.8	86.83000000
1141	86.82400000
1141.2	86.72800000
1141.4	86.63300000
1141.6	86.53700000
1141.8	86.44200000
1142	86.34600000
1142.2	86.20600000
1142.4	86.06700000
1142.6	85.92700000
1142.8	85.78800000
1143	85.65100000
1143.2	85.55900000
1143.4	85.46800000
1143.6	85.37700000
1143.8	85.28600000
1144	85.19400000
1144.2	84.98800000
1144.4	84.78300000
1144.6	84.57700000
1144.8	84.37300000
1145	84.16800000
1145.2	83.93900000
1145.4	83.71100000
1145.6	83.48400000
1145.8	83.25700000
1146	83.03300000
1146.2	82.85500000
1146.4	82.67700000
1146.6	82.49900000
1146.8	82.32100000
1147	82.14400000
1147.2	81.92700000
1147.4	81.71200000
1147.6	81.49600000
1147.8	81.28100000
1148	81.06800000
1148.2	80.87000000
1148.4	80.67200000
1148.6	80.47500000
1148.8	80.27800000
1149	80.08200000
1149.2	79.95100000
1149.4	79.82000000
1149.6	79.68900000
1149.8	79.55800000
1150	79.42600000
1150.2	79.26200000
1150.4	79.09900000
1150.6	78.93500000
1150.8	78.77200000
1151	78.61300000
1151.2	78.52800000
1151.4	78.44300000
1151.6	78.35900000
1151.8	78.27400000
1152	78.19000000
1152.2	78.13900000
1152.4	78.08700000
1152.6	78.03600000
1152.8	77.98500000
1153	77.93400000
1153.2	77.89300000
1153.4	77.85100000
1153.6	77.81000000
1153.8	77.76900000
1154	77.73200000
1154.2	77.80000000
1154.4	77.86900000
1154.6	77.93700000
1154.8	78.00600000
1155	78.07400000
1155.2	78.12200000
1155.4	78.17000000
1155.6	78.21800000
1155.8	78.26600000
1156	78.31500000
1156.2	78.44900000
1156.4	78.58300000
1156.6	78.71800000
1156.8	78.85200000
1157	78.98800000
1157.2	79.15300000
1157.4	79.31700000
1157.6	79.48200000
1157.8	79.64800000
1158	79.81500000
1158.2	80.01600000
1158.4	80.21700000
1158.6	80.41800000
1158.8	80.62000000
1159	80.82300000
1159.2	81.08200000
1159.4	81.34100000
1159.6	81.60100000
1159.8	81.86200000
1160	82.12300000
1160.2	82.38000000
1160.4	82.63700000
1160.6	82.89500000
1160.8	83.15400000
1161	83.41700000
1161.2	83.73900000
1161.4	84.06300000
1161.6	84.38800000
1161.8	84.71400000
1162	85.03900000
1162.2	85.31900000
1162.4	85.60100000
1162.6	85.88300000
1162.8	86.16600000
1163	86.45100000
1163.2	86.79800000
1163.4	87.14700000
1163.6	87.49700000
1163.8	87.84800000
1164	88.20000000
1164.2	88.48900000
1164.4	88.78000000
1164.6	89.07100000
1164.8	89.36300000
1165	89.65600000
1165.2	89.98000000
1165.4	90.30500000
1165.6	90.63200000
1165.8	90.95900000
1166	91.28500000
1166.2	91.54300000
1166.4	91.80200000
1166.6	92.06100000
1166.8	92.32100000
1167	92.58200000
1167.2	92.83900000
1167.4	93.09600000
1167.6	93.35400000
1167.8	93.61300000
1168	93.86900000
1168.2	94.06300000
1168.4	94.25600000
1168.6	94.45000000
1168.8	94.64500000
1169	94.84000000
1169.2	95.00200000
1169.4	95.16500000
1169.6	95.32800000
1169.8	95.49100000
1170	95.65400000
1170.2	95.74800000
1170.4	95.84100000
1170.6	95.93500000
1170.8	96.02900000
1171	96.12200000
1171.2	96.16600000
1171.4	96.20900000
1171.6	96.25300000
1171.8	96.29600000
1172	96.34000000
1172.2	96.32800000
1172.4	96.31500000
1172.6	96.30300000
1172.8	96.29100000
1173	96.27900000
1173.2	96.23700000
1173.4	96.19600000
1173.6	96.15500000
1173.8	96.11400000
1174	96.07200000
1174.2	95.97200000
1174.4	95.87100000
1174.6	95.77100000
1174.8	95.67000000
1175	95.57000000
1175.2	95.47500000
1175.4	95.38100000
1175.6	95.28600000
1175.8	95.19200000
1176	95.09500000
1176.2	94.94500000
1176.4	94.79500000
1176.6	94.64600000
1176.8	94.49600000
1177	94.34900000
1177.2	94.23000000
1177.4	94.11100000
1177.6	93.99200000
1177.8	93.87400000
1178	93.75400000
1178.2	93.60400000
1178.4	93.45300000
1178.6	93.30300000
1178.8	93.15300000
1179	93.00400000
1179.2	92.86600000
1179.4	92.72900000
1179.6	92.59300000
1179.8	92.45600000
1180	92.32100000
1180.2	92.22000000
1180.4	92.12000000
1180.6	92.01900000
1180.8	91.91800000
1181	91.81700000
1181.2	91.69500000
1181.4	91.57200000
1181.6	91.45000000
1181.8	91.32800000
1182	91.20700000
1182.2	91.13400000
1182.4	91.06000000
1182.6	90.98700000
1182.8	90.91500000
1183	90.84400000
1183.2	90.82800000
1183.4	90.81100000
1183.6	90.79500000
1183.8	90.77800000
1184	90.76100000
1184.2	90.71400000
1184.4	90.66800000
1184.6	90.62100000
1184.8	90.57500000
1185	90.53000000
1185.2	90.54600000
1185.4	90.56200000
1185.6	90.57800000
1185.8	90.59400000
1186	90.61000000
1186.2	90.66000000
1186.4	90.71000000
1186.6	90.76000000
1186.8	90.81000000
1187	90.85900000
1187.2	90.89600000
1187.4	90.93200000
1187.6	90.96900000
1187.8	91.00500000
1188	91.04300000
1188.2	91.11000000
1188.4	91.17700000
1188.6	91.24400000
1188.8	91.31100000
1189	91.37900000
1189.2	91.49300000
1189.4	91.60700000
1189.6	91.72100000
1189.8	91.83500000
1190	91.94800000
1190.2	92.02200000
1190.4	92.09600000
1190.6	92.17000000
1190.8	92.24400000
1191	92.31800000
1191.2	92.39900000
1191.4	92.47900000
1191.6	92.55900000
1191.8	92.64000000
1192	92.72100000
1192.2	92.82300000
1192.4	92.92500000
1192.6	93.02700000
1192.8	93.12900000
1193	93.23100000
1193.2	93.32300000
1193.4	93.41500000
1193.6	93.50600000
1193.8	93.59800000
1194	93.68900000
1194.2	93.71600000
1194.4	93.74300000
1194.6	93.77000000
1194.8	93.79700000
1195	93.82400000
1195.2	93.83900000
1195.4	93.85400000
1195.6	93.86900000
1195.8	93.88400000
1196	93.89900000
1196.2	93.91800000
1196.4	93.93800000
1196.6	93.95800000
1196.8	93.97700000
1197	93.99600000
1197.2	93.94600000
1197.4	93.89600000
1197.6	93.84700000
1197.8	93.79700000
1198	93.74500000
1198.2	93.66000000
1198.4	93.57400000
1198.6	93.48800000
1198.8	93.40200000
1199	93.31700000
1199.2	93.23000000
1199.4	93.14300000
1199.6	93.05600000
1199.8	92.96900000
1200	92.88300000
